4.4830000000000005 
4.802 
5.054 
5.138 
5.098000000000001 
5.016 
4.871 
4.5809999999999995 
4.355 
4.199 
4.093 
3.962999999999999 
3.7720000000000002 
3.535 
3.3130000000000006 
3.2390000000000008 
3.1720000000000006 
3.0969999999999995 
3.0869999999999997 
3.1340000000000003 
3.2159999999999993 
3.359 
3.5280000000000005 
3.694000000000001 
3.8569999999999993 
4.02 
4.167999999999999 
4.279999999999999 
4.351000000000001 
4.396000000000001 
4.371 
4.082000000000001 
3.785 
3.3450000000000006 
2.8019999999999996 
2.4079999999999995 
2.1340000000000003 
2.0980000000000008 
2.2639999999999993 
2.3569999999999993 
2.2829999999999995 
2.2650000000000006 
2.372 
2.4570000000000007 
2.5459999999999994 
2.599 
2.792 
2.958 
3.0909999999999993 
3.468 
4.114000000000001 
4.638999999999999 
4.878 
4.989000000000001 
5.02 
4.957000000000001 
4.894 
4.890000000000001 
4.945 
5.023999999999999 
5.144 
5.311 
5.468999999999999 
5.651999999999999 
5.827 
6.015000000000001 
6.23 
6.416 
6.555999999999999 
6.599 
6.612 
6.5920000000000005 
6.522 
6.4990000000000006 
6.558999999999999 
6.666 
6.805 
6.970000000000001 
7.132 
7.112 
7.089 
7.121 
7.176 
7.148999999999999 
6.992000000000001 
6.797000000000001 
6.683 
6.754 
6.99 
7.3740000000000006 
7.643000000000001 
7.724 
7.77 
7.824999999999999 
7.888 
7.933999999999999 
7.962 
7.968999999999999 
7.959 
7.936 
7.949 
7.959 
7.904 
7.704000000000001 
7.470000000000001 
7.279 
7.135999999999999 
6.973000000000001 
6.724 
6.443 
6.194000000000001 
5.993 
5.807 
5.627000000000001 
5.502000000000001 
5.393000000000001 
5.228 
5.064 
4.943 
4.929 
5.247 
5.503 
5.436999999999999 
5.0969999999999995 
4.638 
4.26 
4.077999999999999 
3.8499999999999996 
3.678000000000001 
3.5180000000000007 
3.3949999999999996 
3.2829999999999995 
3.1690000000000005 
3.0860000000000003 
3.0429999999999993 
3.083 
3.1180000000000003 
3.0839999999999996 
3.0410000000000004 
2.997 
2.9749999999999996 
3.0169999999999995 
3.1129999999999995 
3.1959999999999997 
3.2829999999999995 
3.4049999999999994 
3.542 
3.6579999999999995 
3.721 
3.7639999999999993 
3.7799999999999994 
3.6419999999999995 
3.4909999999999997 
3.4130000000000003 
3.3480000000000008 
3.285 
3.2230000000000008 
3.1799999999999997 
3.144 
3.208 
3.257999999999999 
3.2300000000000004 
3.194000000000001 
3.1590000000000007 
3.16 
3.2249999999999996 
3.3889999999999993 
3.609 
3.867000000000001 
4.119999999999999 
4.337999999999999 
4.470000000000001 
4.541 
4.602 
4.643000000000001 
4.566000000000001 
4.493 
4.391 
4.227 
4.026999999999999 
3.882999999999999 
3.7989999999999995 
3.744999999999999 
3.76 
3.7799999999999994 
3.7880000000000003 
3.843 
3.926 
3.9339999999999993 
3.869999999999999 
3.8179999999999996 
3.7840000000000007 
3.630000000000001 
3.564 
3.7680000000000007 
4.007999999999999 
4.057 
4.0009999999999994 
3.939 
3.7669999999999995 
3.5489999999999995 
3.4290000000000003 
3.548 
3.702 
3.7520000000000007 
3.7539999999999996 
3.5660000000000007 
3.3659999999999997 
3.3200000000000003 
3.237 
3.1839999999999993 
3.2059999999999995 
3.314 
3.4559999999999995 
3.5649999999999995 
3.715 
3.8390000000000004 
3.862 
3.7989999999999995 
3.8160000000000007 
3.8279999999999994 
3.817 
3.837999999999999 
3.8320000000000007 
3.856 
3.9380000000000006 
4.050000000000001 
4.135999999999999 
4.159000000000001 
4.1850000000000005 
4.2620000000000005 
4.452999999999999 
4.679 
4.760999999999999 
4.787000000000001 
4.7940000000000005 
4.823 
4.896000000000001 
4.971 
5.007 
5.029 
5.061 
5.084 
5.077 
5.038 
5.0169999999999995 
5.042999999999999 
5.16 
5.617000000000001 
6.396000000000001 
7.055 
7.372 
7.412000000000001 
7.3759999999999994 
7.307 
7.221 
7.119 
6.896000000000001 
6.635999999999999 
6.292999999999999 
5.948 
5.769 
5.739000000000001 
5.741 
5.792 
5.904999999999999 
6.038 
6.134 
6.195 
6.211 
6.189 
6.052 
5.949999999999999 
5.926 
5.914 
5.869 
5.714 
5.497 
5.291 
5.146000000000001 
5.021000000000001 
4.981999999999999 
5.079000000000001 
5.228999999999999 
5.311 
5.3740000000000006 
5.42 
5.443 
5.449 
5.462 
5.465999999999999 
5.446 
5.3740000000000006 
5.257999999999999 
5.061 
4.666 
4.388999999999999 
4.106999999999999 
3.8230000000000004 
3.6159999999999997 
3.539999999999999 
3.654 
3.742000000000001 
3.632999999999999 
3.6029999999999998 
3.75 
3.8000000000000007 
3.641 
3.436 
3.2859999999999996 
3.279 
3.2810000000000006 
3.218 
3.1609999999999996 
3.1720000000000006 
3.1630000000000003 
3.125 
3.0909999999999993 
3.0380000000000003 
2.9220000000000006 
2.8859999999999992 
2.872 
2.8320000000000007 
2.6639999999999997 
2.497 
2.468 
2.484 
2.5410000000000004 
2.6359999999999992 
2.7119999999999997 
2.705 
2.705 
2.7379999999999995 
2.721 
2.6839999999999993 
2.651 
2.612 
2.5909999999999993 
2.5909999999999993 
2.542 
2.492000000000001 
2.503 
2.5199999999999996 
2.4239999999999995 
2.3640000000000008 
2.3480000000000008 
2.3659999999999997 
2.3309999999999995 
2.2799999999999994 
2.2379999999999995 
2.2219999999999995 
2.3019999999999996 
2.398999999999999 
2.426 
2.5139999999999993 
2.6880000000000006 
2.928000000000001 
3.2409999999999997 
3.551 
3.821999999999999 
4.031000000000001 
4.198 
4.3260000000000005 
4.349 
4.285 
4.2379999999999995 
4.182 
3.955 
3.8279999999999994 
3.782 
3.771000000000001 
3.7439999999999998 
3.683 
3.6140000000000008 
3.5760000000000005 
3.625 
3.6980000000000004 
3.6950000000000003 
3.6470000000000002 
3.596 
3.5549999999999997 
3.596 
3.619999999999999 
3.6159999999999997 
3.635 
3.7040000000000006 
3.817 
3.9299999999999997 
3.933 
3.8840000000000003 
3.837999999999999 
3.696999999999999 
3.4459999999999997 
3.194000000000001 
2.9339999999999993 
2.718 
2.521000000000001 
2.3759999999999994 
2.2929999999999993 
2.3580000000000005 
2.569000000000001 
2.6950000000000003 
2.798 
2.8640000000000008 
2.9019999999999992 
2.936 
2.9410000000000007 
2.901 
2.8200000000000003 
2.7219999999999995 
2.6389999999999993 
2.569000000000001 
2.5 
2.465 
2.412000000000001 
2.2010000000000005 
2.029 
1.8919999999999995 
1.8299999999999983 
1.8270000000000017 
1.8670000000000009 
1.9130000000000003 
1.9789999999999992 
2.1479999999999997 
2.2780000000000005 
2.3290000000000006 
2.4290000000000003 
2.5570000000000004 
2.6880000000000006 
2.801 
2.9190000000000005 
3.058 
3.1910000000000007 
3.333 
3.4589999999999996 
3.567 
3.6310000000000002 
3.6530000000000005 
3.6210000000000004 
3.4139999999999997 
3.3179999999999996 
3.2590000000000003 
3.199 
3.1709999999999994 
3.162000000000001 
3.1899999999999995 
3.321999999999999 
3.5809999999999995 
3.849 
3.9619999999999997 
4.007 
3.9939999999999998 
3.926 
3.8610000000000007 
3.7750000000000004 
3.7379999999999995 
3.76 
3.7609999999999992 
3.7750000000000004 
3.824 
3.9239999999999995 
4.034000000000001 
4.16 
4.24 
4.333 
4.353 
4.291 
4.186999999999999 
4.058 
3.8970000000000002 
3.6999999999999993 
3.6579999999999995 
3.6910000000000007 
3.6500000000000004 
3.6159999999999997 
3.58 
3.553000000000001 
3.5340000000000007 
3.567 
3.657 
3.731 
3.7170000000000005 
3.6210000000000004 
3.4130000000000003 
3.1259999999999994 
2.8420000000000005 
2.583 
2.4730000000000008 
2.7989999999999995 
3.2829999999999995 
3.3710000000000004 
2.9960000000000004 
2.3819999999999997 
1.9579999999999984 
1.850999999999999 
1.9840000000000018 
2.1579999999999995 
2.2490000000000006 
2.391 
2.564 
2.657 
2.6720000000000006 
2.648999999999999 
2.612 
2.593 
2.6560000000000006 
2.833 
3.1289999999999996 
3.4879999999999995 
3.7859999999999996 
3.9239999999999995 
3.8979999999999997 
3.9049999999999994 
3.8279999999999994 
3.771000000000001 
3.7910000000000004 
3.8710000000000004 
3.904 
3.9250000000000007 
3.9879999999999995 
4.041 
4.029 
4.07 
4.164 
4.356 
4.702999999999999 
5.223000000000001 
5.791 
6.215999999999999 
6.582000000000001 
6.8420000000000005 
6.805 
6.535 
6.23 
5.961 
5.603999999999999 
5.308 
5.117000000000001 
4.943 
4.789999999999999 
4.651 
4.4719999999999995 
4.334 
4.382999999999999 
4.643000000000001 
4.8919999999999995 
5.083 
5.205 
5.254 
5.090999999999999 
4.714 
4.336 
4.084 
3.9689999999999994 
4.225 
5.007 
4.3260000000000005 
3.9990000000000006 
4.837999999999999 
5.093999999999999 
4.855 
4.920999999999999 
5.648999999999999 
6.583 
6.906000000000001 
6.244 
5.5760000000000005 
5.351000000000001 
5.289999999999999 
5.095000000000001 
4.827 
4.571999999999999 
4.662000000000001 
5.295999999999999 
5.632999999999999 
5.6419999999999995 
5.619 
5.65 
5.73 
5.695 
5.584 
5.523 
5.510999999999999 
5.438000000000001 
5.333 
5.132 
4.922000000000001 
4.829000000000001 
4.789 
4.679 
4.554 
4.523 
4.552 
4.558 
4.569000000000001 
4.573 
4.6080000000000005 
4.779 
4.994 
5.111000000000001 
5.083 
5.067 
5.109 
5.205 
5.2829999999999995 
5.346 
5.334 
5.207000000000001 
5.112 
5.0120000000000005 
4.978999999999999 
5.038 
5.052 
4.920999999999999 
4.768000000000001 
4.688000000000001 
4.640000000000001 
4.531000000000001 
4.49 
4.587999999999999 
4.776999999999999 
4.960000000000001 
5.1240000000000006 
5.266 
5.356999999999999 
5.398999999999999 
5.427 
5.414 
5.388999999999999 
5.346 
5.2330000000000005 
4.976000000000001 
4.834 
4.682 
4.445 
4.1739999999999995 
3.8840000000000003 
3.641 
3.5069999999999997 
3.523999999999999 
3.628 
3.6419999999999995 
3.6950000000000003 
3.8309999999999995 
4.003 
4.071 
4.013999999999999 
3.8160000000000007 
3.4819999999999993 
3.1720000000000006 
2.949 
2.8119999999999994 
2.7650000000000006 
2.782 
2.7720000000000002 
2.6579999999999995 
2.615 
2.686 
2.8729999999999993 
3.087999999999999 
3.244999999999999 
3.369999999999999 
3.51 
3.548 
3.4640000000000004 
3.4090000000000007 
3.449 
3.5169999999999995 
3.5600000000000005 
3.625 
3.773999999999999 
4.029999999999999 
4.353 
4.618 
4.839 
4.9559999999999995 
4.9830000000000005 
5.021000000000001 
5.106999999999999 
5.2989999999999995 
5.4190000000000005 
5.339 
5.186 
5.090999999999999 
5.007 
4.9190000000000005 
4.871 
4.871 
4.9239999999999995 
4.9350000000000005 
4.916 
4.8629999999999995 
4.817 
4.82 
4.9079999999999995 
4.978999999999999 
5.055999999999999 
5.175000000000001 
5.273999999999999 
5.2509999999999994 
5.151 
5.032 
4.881 
4.667 
4.616 
4.837 
4.8759999999999994 
4.538 
4.054 
3.705 
3.5869999999999997 
3.7430000000000003 
4.026999999999999 
4.1850000000000005 
4.199999999999999 
4.1240000000000006 
3.9849999999999994 
3.8870000000000005 
3.8889999999999993 
4.038 
4.226000000000001 
4.371 
4.526 
4.6419999999999995 
4.686 
4.721 
4.638999999999999 
4.4079999999999995 
4.3100000000000005 
4.194000000000001 
4.048 
3.8889999999999993 
3.7159999999999993 
3.5389999999999997 
3.3919999999999995 
3.3810000000000002 
3.4640000000000004 
3.426 
3.3859999999999992 
3.398999999999999 
3.478999999999999 
3.4960000000000004 
3.4090000000000007 
3.2929999999999993 
3.1910000000000007 
3.122 
3.0749999999999993 
3.0359999999999996 
3.0169999999999995 
3.0060000000000002 
2.9049999999999994 
2.6549999999999994 
2.51 
2.359 
2.2300000000000004 
2.154 
2.1240000000000006 
2.1189999999999998 
2.1340000000000003 
2.205 
2.3569999999999993 
2.372 
2.3049999999999997 
2.2140000000000004 
2.1370000000000005 
2.0790000000000006 
2.0660000000000007 
2.074 
2.128 
2.228999999999999 
2.3469999999999995 
2.4209999999999994 
2.4250000000000007 
2.4130000000000003 
2.3309999999999995 
2.1590000000000007 
2.0139999999999993 
1.8299999999999983 
1.6729999999999983 
1.6060000000000016 
1.6110000000000007 
1.6389999999999993 
1.745000000000001 
1.8939999999999984 
1.9349999999999987 
1.9789999999999992 
2.117000000000001 
2.2360000000000007 
2.3369999999999997 
2.492000000000001 
2.6910000000000007 
2.8970000000000002 
3.051 
3.1929999999999996 
3.3290000000000006 
3.433 
3.5180000000000007 
3.601000000000001 
3.6189999999999998 
3.553000000000001 
3.6099999999999994 
3.577 
3.4689999999999994 
3.4109999999999996 
3.3770000000000007 
3.3729999999999993 
3.4160000000000004 
3.5649999999999995 
3.7750000000000004 
3.8689999999999998 
3.92 
3.9399999999999995 
3.9559999999999995 
4.021000000000001 
4.154999999999999 
4.305999999999999 
4.486000000000001 
4.698 
4.920999999999999 
5.102 
5.211 
5.295 
5.3309999999999995 
5.281000000000001 
5.242000000000001 
5.220000000000001 
5.208 
5.223000000000001 
5.281000000000001 
5.316000000000001 
5.297000000000001 
5.369 
5.712999999999999 
6.109999999999999 
6.509 
6.9079999999999995 
7.266 
7.4079999999999995 
7.308 
7.086 
6.741 
6.412000000000001 
6.087 
5.760999999999999 
5.465 
5.212999999999999 
4.920999999999999 
4.548 
4.329000000000001 
4.234 
4.2330000000000005 
4.291 
4.311999999999999 
4.385999999999999 
4.407 
4.295999999999999 
4.311 
4.443 
4.2010000000000005 
3.7300000000000004 
3.2590000000000003 
2.9350000000000005 
2.8930000000000007 
3.08 
3.2479999999999993 
3.3599999999999994 
3.471 
3.5269999999999992 
3.571999999999999 
3.6389999999999993 
3.617000000000001 
3.5120000000000005 
3.388 
3.273999999999999 
3.151 
3.0410000000000004 
2.942 
2.8659999999999997 
2.8480000000000008 
2.9000000000000004 
2.9890000000000008 
2.984 
2.9510000000000005 
2.9380000000000006 
2.9719999999999995 
3.1080000000000005 
3.3290000000000006 
3.4990000000000006 
3.6289999999999996 
3.817 
3.9670000000000005 
4.054 
4.087999999999999 
4.119 
4.0969999999999995 
3.9979999999999993 
3.9130000000000003 
3.859 
3.8629999999999995 
3.8729999999999993 
3.8580000000000005 
3.8019999999999996 
3.724 
3.6359999999999992 
3.6240000000000006 
3.537000000000001 
3.4499999999999993 
3.3900000000000006 
3.3610000000000007 
3.4130000000000003 
3.535 
3.692 
3.914999999999999 
4.183999999999999 
4.454000000000001 
4.635 
4.773 
4.91 
4.9 
4.827 
4.741 
4.555 
4.254 
3.955 
3.6679999999999993 
3.4239999999999995 
3.2799999999999994 
3.3409999999999993 
3.6739999999999995 
4.019 
4.266 
4.287000000000001 
4.194000000000001 
4.144 
4.182 
4.263999999999999 
4.382999999999999 
4.513999999999999 
4.641 
4.664999999999999 
4.577 
4.484999999999999 
4.273 
4.013999999999999 
3.8529999999999998 
3.7460000000000004 
3.6910000000000007 
3.6389999999999993 
3.5860000000000003 
3.523999999999999 
3.5009999999999994 
3.5150000000000006 
3.6210000000000004 
3.6370000000000005 
3.638 
3.6449999999999996 
3.654 
3.7360000000000007 
3.853999999999999 
3.9619999999999997 
4.055999999999999 
4.148 
4.23 
4.242000000000001 
4.218999999999999 
4.212 
4.063000000000001 
3.8439999999999994 
3.7520000000000007 
3.641 
3.5169999999999995 
3.4139999999999997 
3.33 
3.2520000000000007 
3.1690000000000005 
3.1389999999999993 
3.25 
3.2699999999999996 
3.292 
3.3149999999999995 
3.33 
3.343 
3.335000000000001 
3.2829999999999995 
3.173 
3.0909999999999993 
3.0500000000000007 
2.992000000000001 
2.914999999999999 
2.882999999999999 
2.731 
2.5489999999999995 
2.481 
2.4339999999999993 
2.3900000000000006 
2.380000000000001 
2.5269999999999992 
2.6820000000000004 
2.75 
2.7769999999999992 
2.872 
2.9499999999999993 
3.042 
3.1310000000000002 
3.2270000000000003 
3.3569999999999993 
3.5749999999999993 
3.8230000000000004 
4.0120000000000005 
4.163 
4.339 
4.532 
4.712999999999999 
4.859999999999999 
4.813000000000001 
4.686999999999999 
4.6530000000000005 
4.712 
4.814 
4.852 
4.791 
4.6419999999999995 
4.433 
4.196999999999999 
4.019 
3.8019999999999996 
3.7479999999999993 
3.9540000000000006 
4.2170000000000005 
4.377000000000001 
4.48 
4.5649999999999995 
4.715 
4.961 
5.265000000000001 
5.484999999999999 
5.599 
5.711 
5.731999999999999 
5.699 
5.6370000000000005 
5.539999999999999 
5.368 
5.186 
4.974 
4.743 
4.552 
4.425000000000001 
4.4879999999999995 
4.6419999999999995 
4.880000000000001 
4.997999999999999 
5.042 
5.286 
5.808 
6.311999999999999 
6.532 
6.587 
6.609999999999999 
6.6240000000000006 
6.5760000000000005 
6.422000000000001 
6.115 
5.805 
5.630000000000001 
5.516 
5.369999999999999 
5.193 
4.9830000000000005 
4.754 
4.539 
4.297000000000001 
4.151999999999999 
3.904 
3.646000000000001 
3.4570000000000007 
3.3520000000000003 
3.4429999999999996 
3.6980000000000004 
4.01 
4.316000000000001 
4.593 
4.795999999999999 
4.869 
4.84 
4.755000000000001 
4.478 
4.162000000000001 
3.9979999999999993 
3.843 
3.699 
3.599 
3.532 
3.5 
3.51 
3.587999999999999 
3.7840000000000007 
3.8480000000000008 
3.83 
3.8480000000000008 
4.111000000000001 
4.855 
5.864000000000001 
6.763 
7.231999999999999 
7.010999999999999 
6.651999999999999 
6.361000000000001 
6.068 
5.856 
5.606 
5.375 
5.1690000000000005 
4.942 
4.772 
4.704000000000001 
4.692 
4.686999999999999 
4.705 
4.715 
4.775 
4.814 
4.821999999999999 
4.775 
4.702999999999999 
4.65 
4.667999999999999 
4.728 
4.84 
4.9239999999999995 
5.013999999999999 
5.074 
5.119 
5.151 
5.09 
4.984999999999999 
4.946999999999999 
4.8149999999999995 
4.645 
4.459 
4.276 
4.1240000000000006 
4.016 
4.006 
4.109 
4.130000000000001 
4.130000000000001 
4.145 
4.163 
4.228 
4.353999999999999 
4.4879999999999995 
4.6129999999999995 
4.763 
4.930999999999999 
5.022 
5.0649999999999995 
5.1259999999999994 
5.023 
4.872999999999999 
4.768000000000001 
4.593999999999999 
4.372 
4.2010000000000005 
4.061 
3.9570000000000007 
3.8930000000000007 
3.928000000000001 
4.119 
4.227 
4.311 
4.401999999999999 
4.504 
4.644 
4.816000000000001 
4.9879999999999995 
5.132 
5.2509999999999994 
5.300000000000001 
5.329000000000001 
5.3740000000000006 
5.3870000000000005 
5.254 
5.02 
4.856999999999999 
4.555999999999999 
4.188000000000001 
3.9190000000000005 
3.6950000000000003 
3.487 
3.3119999999999994 
3.317 
3.526 
3.648999999999999 
3.7650000000000006 
3.8710000000000004 
3.987 
4.117000000000001 
4.276999999999999 
4.436 
4.577999999999999 
4.7059999999999995 
4.824999999999999 
4.8740000000000006 
4.846 
4.792 
4.65 
4.465999999999999 
4.3740000000000006 
4.244 
4.054 
3.8390000000000004 
3.6389999999999993 
3.4459999999999997 
3.2780000000000005 
3.25 
3.3819999999999997 
3.4670000000000005 
3.5410000000000004 
3.622 
3.7219999999999995 
3.8130000000000006 
3.9179999999999993 
4.023 
4.1370000000000005 
4.2669999999999995 
4.3740000000000006 
4.426 
4.433 
4.416 
4.308999999999999 
4.154 
4.061999999999999 
3.9429999999999996 
3.798 
3.689 
3.593 
3.4640000000000004 
3.3420000000000005 
3.2699999999999996 
3.2940000000000005 
3.319000000000001 
3.337999999999999 
3.372 
3.428000000000001 
3.5549999999999997 
3.7379999999999995 
3.8919999999999995 
4.029999999999999 
4.15 
4.223000000000001 
4.199999999999999 
4.1419999999999995 
4.119999999999999 
3.9670000000000005 
3.8390000000000004 
3.827 
3.8520000000000003 
3.867000000000001 
3.8840000000000003 
3.878 
3.8420000000000005 
3.7650000000000006 
3.6679999999999993 
3.6289999999999996 
3.484 
3.3550000000000004 
3.319000000000001 
3.3740000000000006 
3.4990000000000006 
3.76 
4.135999999999999 
4.465999999999999 
4.718999999999999 
4.807 
4.7010000000000005 
4.542999999999999 
4.3629999999999995 
4.183999999999999 
3.9179999999999993 
3.6560000000000006 
3.433 
3.3469999999999995 
3.462999999999999 
3.9060000000000006 
4.677 
5.596 
6.521000000000001 
7.151999999999999 
7.334 
7.289999999999999 
7.369999999999999 
7.73 
7.635999999999999 
7.305999999999999 
6.561 
5.895 
5.77 
6.089 
6.162000000000001 
5.949 
5.8149999999999995 
5.704000000000001 
5.49 
5.382999999999999 
5.6739999999999995 
5.936999999999999 
5.718 
5.164 
4.958 
5.1 
5.308 
5.470000000000001 
5.571 
5.631 
5.615 
5.6080000000000005 
5.5649999999999995 
5.438000000000001 
5.253 
5.1259999999999994 
5.09 
5.098000000000001 
5.0280000000000005 
4.961 
4.877000000000001 
4.632 
4.372999999999999 
4.170999999999999 
4.144 
4.226000000000001 
4.311999999999999 
4.41 
4.536 
4.7059999999999995 
4.824 
4.962 
5.066000000000001 
5.1850000000000005 
5.356 
5.496 
5.606 
5.725 
5.869 
5.976000000000001 
6.051 
6.116 
6.183 
6.263 
6.2829999999999995 
6.143000000000001 
6.09 
6.042 
5.890000000000001 
5.670999999999999 
5.446 
5.323 
5.191000000000001 
5.0 
4.8420000000000005 
4.757999999999999 
4.667999999999999 
4.5600000000000005 
4.462999999999999 
4.393000000000001 
4.327999999999999 
4.295999999999999 
4.302 
4.367000000000001 
4.519 
4.710000000000001 
4.877000000000001 
4.9830000000000005 
4.986000000000001 
4.718 
4.462 
4.25 
4.029 
3.8130000000000006 
3.6129999999999995 
3.4160000000000004 
3.2460000000000004 
3.1340000000000003 
3.0890000000000004 
3.128 
3.122 
3.099 
3.0809999999999995 
3.0549999999999997 
3.1630000000000003 
3.3439999999999994 
3.5660000000000007 
3.789999999999999 
4.004 
4.163 
4.191000000000001 
4.109999999999999 
4.013 
3.8130000000000006 
3.5760000000000005 
3.3810000000000002 
3.25 
3.1709999999999994 
3.1229999999999993 
3.1180000000000003 
3.1289999999999996 
3.180999999999999 
3.2880000000000003 
3.513 
3.715 
3.853999999999999 
3.976000000000001 
4.082000000000001 
4.183 
4.285 
4.384 
4.492000000000001 
4.6129999999999995 
4.723000000000001 
4.768000000000001 
4.7989999999999995 
4.878 
4.782 
4.667 
4.478 
4.26 
4.019 
3.7479999999999993 
3.5570000000000004 
3.4209999999999994 
3.308 
3.218 
3.1609999999999996 
3.1479999999999997 
3.1959999999999997 
3.273999999999999 
3.3710000000000004 
3.4779999999999998 
3.539999999999999 
3.5470000000000006 
3.5440000000000005 
3.5700000000000003 
3.599 
3.6289999999999996 
3.654 
3.6370000000000005 
3.5 
3.462999999999999 
3.449 
3.34 
3.178000000000001 
3.0649999999999995 
3.0060000000000002 
2.9529999999999994 
2.9090000000000007 
2.9060000000000006 
2.926 
2.9830000000000005 
3.0459999999999994 
3.1270000000000007 
3.194000000000001 
3.295 
3.4380000000000006 
3.6069999999999993 
3.785 
3.952 
4.090999999999999 
4.114000000000001 
4.0969999999999995 
4.061999999999999 
3.8599999999999994 
3.74 
3.654 
3.4979999999999993 
3.3000000000000007 
3.1189999999999998 
2.952 
2.875 
2.9209999999999994 
3.226000000000001 
3.6080000000000005 
3.779 
3.7010000000000005 
3.5329999999999995 
3.4060000000000006 
3.3680000000000003 
3.4239999999999995 
3.542 
3.702 
3.8919999999999995 
4.061 
4.162000000000001 
4.196999999999999 
4.202 
4.026999999999999 
3.898999999999999 
3.798 
3.619999999999999 
3.353999999999999 
3.1080000000000005 
2.9060000000000006 
2.7769999999999992 
2.7170000000000005 
2.8339999999999996 
3.1259999999999994 
3.4209999999999994 
3.6129999999999995 
3.7609999999999992 
3.8629999999999995 
3.9499999999999993 
4.042 
4.121 
4.17 
4.195 
4.182 
4.071999999999999 
3.8870000000000005 
3.6910000000000007 
3.279 
2.984 
2.7590000000000003 
2.606 
2.5120000000000005 
2.4719999999999995 
2.4540000000000006 
2.460000000000001 
2.5169999999999995 
2.5860000000000003 
2.7070000000000007 
2.837999999999999 
2.8689999999999998 
2.880000000000001 
2.885 
2.9719999999999995 
3.1069999999999993 
3.2249999999999996 
3.3409999999999993 
3.4429999999999996 
3.507999999999999 
3.4890000000000008 
3.458 
3.423 
3.224 
2.944000000000001 
2.673 
2.365 
2.1449999999999996 
2.0359999999999996 
2.0069999999999997 
2.0169999999999995 
2.0619999999999994 
2.1549999999999994 
2.3610000000000007 
2.5709999999999997 
2.6690000000000005 
2.728999999999999 
2.757999999999999 
2.7029999999999994 
2.6029999999999998 
2.537000000000001 
2.5090000000000003 
2.4879999999999995 
2.4450000000000003 
2.4350000000000005 
2.4659999999999993 
2.4800000000000004 
2.255000000000001 
2.096 
1.931000000000001 
1.8270000000000017 
1.7570000000000014 
1.7469999999999999 
1.8039999999999985 
1.8939999999999984 
2.0020000000000007 
2.026 
2.09 
2.208 
2.253 
2.3070000000000004 
2.3529999999999998 
2.4800000000000004 
2.628 
2.696999999999999 
2.702 
2.712999999999999 
2.7379999999999995 
2.726000000000001 
2.7029999999999994 
2.664999999999999 
2.4019999999999992 
2.199 
2.0199999999999996 
1.838000000000001 
1.6969999999999992 
1.6340000000000003 
1.6370000000000005 
1.6670000000000016 
1.7280000000000015 
1.8709999999999987 
2.135 
2.417 
2.587999999999999 
2.689 
2.7379999999999995 
2.76 
2.7509999999999994 
2.771000000000001 
2.7829999999999995 
2.798 
2.8309999999999995 
2.8770000000000007 
2.923 
2.930999999999999 
2.835000000000001 
2.702 
2.444000000000001 
2.0589999999999993 
1.6679999999999993 
1.5130000000000017 
1.5040000000000013 
1.556000000000001 
1.6769999999999996 
1.8329999999999984 
2.0749999999999993 
2.276 
2.337999999999999 
2.3480000000000008 
2.3420000000000005 
2.4450000000000003 
2.6259999999999994 
2.8019999999999996 
2.9640000000000004 
3.1029999999999998 
3.164999999999999 
3.1370000000000005 
3.122 
3.117000000000001 
2.9589999999999996 
2.811 
2.6639999999999997 
2.34 
2.021000000000001 
1.8470000000000013 
1.7399999999999984 
1.686 
1.7289999999999992 
2.0139999999999993 
2.4800000000000004 
2.8740000000000006 
3.071999999999999 
3.2219999999999995 
3.353999999999999 
3.4499999999999993 
3.5359999999999996 
3.5939999999999994 
3.630000000000001 
3.6690000000000005 
3.6899999999999995 
3.630000000000001 
3.5229999999999997 
3.3789999999999996 
3.055999999999999 
2.8309999999999995 
2.6549999999999994 
2.49 
2.351000000000001 
2.2769999999999992 
2.2880000000000003 
2.3610000000000007 
2.465 
2.625 
2.7639999999999993 
2.787000000000001 
2.7379999999999995 
2.734 
2.75 
2.7059999999999995 
2.6530000000000005 
2.702 
2.865 
3.1289999999999996 
3.3689999999999998 
3.51 
3.497 
3.5760000000000005 
3.7609999999999992 
3.853999999999999 
3.878 
3.880000000000001 
3.83 
3.766 
3.7200000000000006 
3.6929999999999996 
3.705 
3.757999999999999 
3.8390000000000004 
3.9399999999999995 
4.0280000000000005 
4.129 
4.212999999999999 
4.314 
4.401999999999999 
4.442 
4.468999999999999 
4.493 
4.516 
4.459 
4.378 
4.2780000000000005 
4.026 
3.878 
3.7609999999999992 
3.6479999999999997 
3.5150000000000006 
3.4079999999999995 
3.3409999999999993 
3.3049999999999997 
3.298 
3.3870000000000005 
3.6159999999999997 
3.8859999999999992 
4.041 
4.1690000000000005 
4.273 
4.305999999999999 
4.257 
4.122999999999999 
3.930999999999999 
3.773999999999999 
3.5999999999999996 
3.3949999999999996 
3.401 
3.5120000000000005 
3.6389999999999993 
3.757999999999999 
3.880000000000001 
3.9450000000000003 
3.8580000000000005 
3.667 
3.5009999999999994 
3.4459999999999997 
3.458 
3.3710000000000004 
3.2880000000000003 
3.2699999999999996 
3.2230000000000008 
3.2249999999999996 
3.2650000000000006 
3.3569999999999993 
3.4930000000000003 
3.6560000000000006 
3.875 
4.129 
4.349 
4.417999999999999 
4.441000000000001 
4.441000000000001 
4.109999999999999 
3.641 
3.4139999999999997 
3.305999999999999 
3.2089999999999996 
3.1210000000000004 
3.042 
3.01 
3.0299999999999994 
3.087999999999999 
3.176 
3.255000000000001 
3.2520000000000007 
3.2279999999999998 
3.2140000000000004 
3.2430000000000003 
3.3149999999999995 
3.3930000000000007 
3.4979999999999993 
3.632999999999999 
3.776 
3.8680000000000003 
3.8930000000000007 
3.8209999999999997 
3.574 
3.4030000000000005 
3.234 
3.037000000000001 
2.782 
2.603999999999999 
2.5229999999999997 
2.487 
2.4890000000000008 
2.5660000000000007 
2.6980000000000004 
2.901 
3.067 
3.2119999999999997 
3.3360000000000003 
3.452 
3.5630000000000006 
3.6639999999999997 
3.7539999999999996 
3.8260000000000005 
3.8320000000000007 
3.7170000000000005 
3.532 
3.321999999999999 
2.9700000000000006 
2.766 
2.5779999999999994 
2.4079999999999995 
2.2590000000000003 
2.1430000000000007 
2.0779999999999994 
2.051 
2.0589999999999993 
2.1739999999999995 
2.412000000000001 
2.7029999999999994 
2.8480000000000008 
2.944000000000001 
3.0109999999999992 
3.0630000000000006 
3.1069999999999993 
3.180999999999999 
3.2539999999999996 
3.183 
3.0760000000000005 
2.987 
2.9209999999999994 
2.8309999999999995 
2.5489999999999995 
2.3499999999999996 
2.1240000000000006 
1.8470000000000013 
1.6400000000000006 
1.4780000000000015 
1.4229999999999983 
1.4430000000000014 
1.5120000000000005 
1.6350000000000016 
1.811 
2.0229999999999997 
2.1180000000000003 
2.196999999999999 
2.2680000000000007 
2.3729999999999993 
2.529 
2.7270000000000003 
2.971 
3.1639999999999997 
3.2940000000000005 
3.3599999999999994 
3.391 
3.3569999999999993 
3.157 
3.0630000000000006 
2.9540000000000006 
2.753 
2.478999999999999 
2.3200000000000003 
2.210000000000001 
2.0809999999999995 
2.0779999999999994 
2.1750000000000007 
2.33 
2.558 
2.724 
2.824 
2.8580000000000005 
2.8230000000000004 
2.7159999999999993 
2.619999999999999 
2.5540000000000003 
2.5060000000000002 
2.4499999999999993 
2.4239999999999995 
2.4939999999999998 
2.535 
2.516 
2.4990000000000006 
2.4819999999999993 
2.497 
2.5500000000000007 
2.6210000000000004 
2.67 
2.6980000000000004 
2.7940000000000005 
2.8100000000000005 
2.771000000000001 
2.753 
2.7110000000000003 
2.6880000000000006 
2.6750000000000007 
2.7089999999999996 
2.766 
2.8130000000000006 
2.853999999999999 
2.8870000000000005 
2.865 
2.7889999999999997 
2.6959999999999997 
2.603999999999999 
2.439 
2.287000000000001 
2.180999999999999 
2.151 
2.157 
2.215 
2.282 
2.3200000000000003 
2.401 
2.5150000000000006 
2.6500000000000004 
2.821999999999999 
2.91 
2.9749999999999996 
3.0429999999999993 
3.0890000000000004 
3.1359999999999992 
3.228999999999999 
3.3450000000000006 
3.3770000000000007 
3.3209999999999997 
3.180999999999999 
3.048 
2.9459999999999997 
2.837999999999999 
2.7360000000000007 
2.6259999999999994 
2.5389999999999997 
2.4459999999999997 
2.362 
2.3450000000000006 
2.3759999999999994 
2.455 
2.5619999999999994 
2.66 
2.731 
2.74 
2.7230000000000008 
2.705 
2.694000000000001 
2.7059999999999995 
2.7219999999999995 
2.737 
2.7729999999999997 
2.8040000000000003 
2.8529999999999998 
2.898999999999999 
2.9109999999999996 
2.8810000000000002 
2.862 
2.833 
2.7859999999999996 
2.7379999999999995 
2.7119999999999997 
2.705 
2.7230000000000008 
2.7729999999999997 
2.824 
2.8859999999999992 
3.0060000000000002 
3.0380000000000003 
3.0589999999999993 
3.0909999999999993 
3.132999999999999 
3.1899999999999995 
3.2650000000000006 
3.3520000000000003 
3.442 
3.5229999999999997 
3.5950000000000006 
3.6560000000000006 
3.6210000000000004 
3.430999999999999 
3.3089999999999993 
3.151 
2.8100000000000005 
2.3900000000000006 
2.071999999999999 
1.908999999999999 
1.8249999999999993 
1.7459999999999987 
1.7899999999999991 
1.9770000000000003 
2.2430000000000003 
2.4860000000000007 
2.7439999999999998 
2.968 
3.0950000000000006 
3.1189999999999998 
3.119999999999999 
3.0999999999999996 
3.1020000000000003 
3.1129999999999995 
3.1449999999999996 
3.196999999999999 
3.1449999999999996 
2.9619999999999997 
2.8439999999999994 
2.728999999999999 
2.6080000000000005 
2.484 
2.3889999999999993 
2.3209999999999997 
2.295 
2.3249999999999993 
2.492000000000001 
2.7569999999999997 
3.048 
3.1950000000000003 
3.2729999999999997 
3.3160000000000007 
3.271000000000001 
3.1769999999999996 
3.1020000000000003 
3.0060000000000002 
2.9049999999999994 
2.8070000000000004 
2.7940000000000005 
2.8070000000000004 
2.6400000000000006 
2.4589999999999996 
2.3710000000000004 
2.3360000000000003 
2.3260000000000005 
2.228999999999999 
2.1419999999999995 
2.083 
2.0649999999999995 
2.0649999999999995 
2.130000000000001 
2.2699999999999996 
2.4939999999999998 
2.6099999999999994 
2.6839999999999993 
2.7249999999999996 
2.7070000000000007 
2.7119999999999997 
2.76 
2.833 
3.0299999999999994 
3.4909999999999997 
4.015000000000001 
4.531000000000001 
4.7940000000000005 
4.629 
4.737 
4.879 
4.997 
5.023 
4.984 
4.93 
4.922000000000001 
5.086 
5.3309999999999995 
5.385 
5.385999999999999 
5.223000000000001 
5.146000000000001 
5.119 
5.071999999999999 
5.029 
5.013999999999999 
5.002000000000001 
5.003 
4.894 
4.74 
4.589 
4.364000000000001 
4.132999999999999 
4.037000000000001 
3.944000000000001 
3.7880000000000003 
3.548 
3.292 
3.058 
2.8369999999999997 
2.6419999999999995 
2.4849999999999994 
2.41 
2.4860000000000007 
2.6310000000000002 
3.0269999999999992 
3.625 
3.9819999999999993 
4.054 
4.007 
3.992000000000001 
3.9830000000000005 
4.029999999999999 
4.051 
4.025 
3.882999999999999 
3.6530000000000005 
3.465 
3.237 
2.9990000000000006 
2.766 
2.5269999999999992 
2.3450000000000006 
2.2479999999999993 
2.2349999999999994 
2.2970000000000006 
2.391 
2.5269999999999992 
2.583 
2.664999999999999 
2.803000000000001 
2.946999999999999 
3.0340000000000007 
3.101000000000001 
3.1470000000000002 
3.1790000000000003 
3.1899999999999995 
3.228999999999999 
3.2669999999999995 
3.2279999999999998 
3.035 
2.928000000000001 
2.824 
2.734 
2.694000000000001 
2.6910000000000007 
2.6980000000000004 
2.6980000000000004 
2.7010000000000005 
2.731 
2.7970000000000006 
2.9320000000000004 
2.9499999999999993 
2.933 
2.933 
2.9529999999999994 
2.997 
3.0500000000000007 
3.0980000000000008 
3.1530000000000005 
3.2110000000000003 
3.2460000000000004 
3.2569999999999997 
3.178000000000001 
2.9830000000000005 
2.8149999999999995 
2.5549999999999997 
2.3900000000000006 
2.324 
2.263 
2.25 
2.2650000000000006 
2.2769999999999992 
2.3599999999999994 
2.6080000000000005 
2.8520000000000003 
2.974 
3.0600000000000005 
3.1240000000000006 
3.1750000000000007 
3.2279999999999998 
3.2840000000000007 
3.407 
3.4730000000000008 
3.532 
3.567 
3.539999999999999 
3.4429999999999996 
3.2910000000000004 
3.1180000000000003 
2.9830000000000005 
2.8439999999999994 
2.7620000000000005 
2.8599999999999994 
3.0619999999999994 
3.25 
3.4290000000000003 
3.539999999999999 
3.599 
3.654 
3.6419999999999995 
3.6189999999999998 
3.6240000000000006 
3.683 
3.795 
3.898999999999999 
3.976000000000001 
4.039999999999999 
4.09 
4.074999999999999 
3.9450000000000003 
3.7300000000000004 
3.4670000000000005 
3.224 
3.0060000000000002 
2.824 
2.7300000000000004 
2.6999999999999993 
2.702 
2.699 
2.67 
2.66 
2.6709999999999994 
2.7249999999999996 
2.7439999999999998 
2.7750000000000004 
2.8279999999999994 
2.9000000000000004 
2.9890000000000008 
3.077 
3.180999999999999 
3.276 
3.353999999999999 
3.417 
3.4529999999999994 
3.375 
3.2010000000000005 
3.0809999999999995 
2.9689999999999994 
2.8550000000000004 
2.734 
2.601000000000001 
2.521000000000001 
2.4909999999999997 
2.492000000000001 
2.599 
2.7750000000000004 
2.91 
2.9589999999999996 
2.9849999999999994 
3.0329999999999995 
3.0570000000000004 
3.0199999999999996 
2.971 
2.9369999999999994 
2.898999999999999 
2.837999999999999 
2.8390000000000004 
2.843 
2.7490000000000006 
2.641 
2.5150000000000006 
2.3900000000000006 
2.269 
2.1950000000000003 
2.164999999999999 
2.1050000000000004 
2.0429999999999993 
2.0280000000000005 
2.0950000000000006 
2.1690000000000005 
2.2119999999999997 
2.2439999999999998 
2.3149999999999995 
2.3360000000000003 
2.359 
2.356 
2.388 
2.462999999999999 
2.505000000000001 
2.535 
2.6229999999999993 
2.6839999999999993 
2.6370000000000005 
2.5860000000000003 
2.5069999999999997 
2.42 
2.3279999999999994 
2.276 
2.2680000000000007 
2.2959999999999994 
2.3119999999999994 
2.324 
2.380000000000001 
2.455 
2.587999999999999 
2.696999999999999 
2.7270000000000003 
2.7200000000000006 
2.673 
2.5809999999999995 
2.513 
2.535 
2.6140000000000008 
2.67 
2.7249999999999996 
2.803000000000001 
2.747 
2.625 
2.4909999999999997 
2.3369999999999997 
2.1370000000000005 
2.0429999999999993 
1.8909999999999982 
1.721 
1.7330000000000005 
1.806000000000001 
1.8909999999999982 
2.058 
2.3360000000000003 
2.6189999999999998 
2.8420000000000005 
3.0389999999999997 
3.183 
3.2889999999999997 
3.3640000000000008 
3.433 
3.494999999999999 
3.5269999999999992 
3.5540000000000003 
3.569000000000001 
3.452 
3.3729999999999993 
3.507999999999999 
3.8019999999999996 
3.821999999999999 
3.7959999999999994 
3.8919999999999995 
3.5340000000000007 
3.112 
2.8019999999999996 
2.692 
2.7889999999999997 
2.9830000000000005 
3.074 
3.083 
3.0760000000000005 
3.16 
3.609 
4.34 
4.686999999999999 
4.6690000000000005 
4.4559999999999995 
4.254 
4.132 
4.035 
3.9960000000000004 
3.923 
3.776 
3.5500000000000007 
3.2750000000000004 
2.992000000000001 
2.753 
2.630000000000001 
2.6709999999999994 
2.7590000000000003 
2.8260000000000005 
2.8859999999999992 
2.8919999999999995 
2.8930000000000007 
2.923 
2.9830000000000005 
3.0969999999999995 
3.2390000000000008 
3.3640000000000008 
3.4339999999999993 
3.458 
3.417 
3.3320000000000007 
3.0660000000000007 
2.8100000000000005 
2.606 
2.412000000000001 
2.228999999999999 
2.0679999999999996 
1.9649999999999999 
1.8919999999999995 
1.8649999999999984 
1.8760000000000012 
1.9490000000000016 
2.0589999999999993 
2.2219999999999995 
2.308 
2.3369999999999997 
2.375 
2.4179999999999993 
2.4559999999999995 
2.492000000000001 
2.523999999999999 
2.5549999999999997 
2.5470000000000006 
2.4670000000000005 
2.476000000000001 
2.3209999999999997 
2.146000000000001 
1.9849999999999994 
1.8369999999999997 
1.7149999999999999 
1.6329999999999991 
1.6110000000000007 
1.623000000000001 
1.649000000000001 
1.6920000000000002 
1.748000000000001 
1.8339999999999996 
1.9699999999999989 
2.0090000000000003 
1.9989999999999988 
2.0500000000000007 
2.178000000000001 
2.335000000000001 
2.5039999999999996 
2.6709999999999994 
2.7590000000000003 
2.8089999999999993 
2.8629999999999995 
2.9019999999999992 
2.8160000000000007 
2.676 
2.4659999999999993 
2.2539999999999996 
2.1210000000000004 
2.0459999999999994 
2.007999999999999 
2.0340000000000007 
2.148999999999999 
2.298 
2.396000000000001 
2.452 
2.523999999999999 
2.5410000000000004 
2.5459999999999994 
2.585000000000001 
2.6110000000000007 
2.603999999999999 
2.5969999999999995 
2.583 
2.5749999999999993 
2.5839999999999996 
2.683 
2.888 
2.9930000000000003 
3.0980000000000008 
3.0790000000000006 
2.8970000000000002 
2.6189999999999998 
2.34 
2.146000000000001 
2.0589999999999993 
2.0980000000000008 
2.1739999999999995 
2.327 
2.5009999999999994 
2.6609999999999996 
2.7460000000000004 
2.7780000000000005 
2.8070000000000004 
2.763 
2.6869999999999994 
2.6449999999999996 
2.6519999999999992 
2.76 
3.0109999999999992 
3.335000000000001 
3.5060000000000002 
3.417 
3.1959999999999997 
2.9239999999999995 
2.7249999999999996 
2.603999999999999 
2.5939999999999994 
2.6210000000000004 
2.5980000000000008 
2.5619999999999994 
2.5220000000000002 
2.5410000000000004 
2.5809999999999995 
2.6340000000000003 
2.654 
2.683 
2.726000000000001 
2.7989999999999995 
2.882999999999999 
2.968 
3.061 
3.148999999999999 
3.2409999999999997 
3.2669999999999995 
3.2720000000000002 
3.2010000000000005 
3.1790000000000003 
3.115 
2.9890000000000008 
2.859 
2.7509999999999994 
2.7159999999999993 
2.7059999999999995 
2.6590000000000007 
2.574 
2.5310000000000006 
2.5410000000000004 
2.6129999999999995 
2.667 
2.715 
2.7810000000000006 
2.7059999999999995 
2.519 
2.343 
2.1579999999999995 
2.196999999999999 
2.1340000000000003 
1.963000000000001 
2.0120000000000005 
2.023999999999999 
2.0939999999999994 
2.5229999999999997 
3.083 
3.1140000000000008 
3.162000000000001 
3.2379999999999995 
3.0619999999999994 
2.7750000000000004 
2.519 
2.3089999999999993 
2.1560000000000006 
2.1099999999999994 
2.0969999999999995 
2.1140000000000008 
2.2010000000000005 
2.3469999999999995 
2.49 
2.6080000000000005 
2.676 
2.7140000000000004 
2.7650000000000006 
2.824 
2.8770000000000007 
2.782 
2.630000000000001 
2.505000000000001 
2.3789999999999996 
2.1950000000000003 
2.0250000000000004 
1.9130000000000003 
1.8470000000000013 
1.8180000000000014 
1.8129999999999988 
1.8449999999999989 
1.9430000000000014 
2.1140000000000008 
2.2300000000000004 
2.3260000000000005 
2.4209999999999994 
2.494999999999999 
2.551 
2.5980000000000008 
2.6259999999999994 
2.632999999999999 
2.6430000000000007 
2.6370000000000005 
2.6189999999999998 
2.5199999999999996 
2.3740000000000006 
2.194000000000001 
1.9939999999999998 
1.7880000000000003 
1.5940000000000012 
1.431000000000001 
1.3490000000000002 
1.3369999999999997 
1.3389999999999986 
1.3859999999999992 
1.439 
1.5139999999999993 
1.6359999999999992 
1.7729999999999997 
1.9050000000000011 
2.0009999999999994 
2.0600000000000005 
2.1240000000000006 
2.1769999999999996 
2.218 
2.2590000000000003 
2.33 
2.4060000000000006 
2.3580000000000005 
2.2590000000000003 
2.128 
1.9800000000000004 
1.7590000000000003 
1.504999999999999 
1.2890000000000015 
1.1479999999999997 
1.0850000000000009 
1.065999999999999 
1.1159999999999997 
1.2439999999999998 
1.4589999999999996 
1.658999999999999 
1.8069999999999986 
1.9579999999999984 
2.0570000000000004 
2.1129999999999995 
2.1739999999999995 
2.237 
2.273999999999999 
2.3070000000000004 
2.3290000000000006 
2.3520000000000003 
2.176 
2.0359999999999996 
1.9179999999999993 
1.8210000000000015 
1.7560000000000002 
1.6950000000000003 
1.6499999999999986 
1.6329999999999991 
1.6479999999999997 
1.693999999999999 
1.7880000000000003 
1.9430000000000014 
2.1259999999999994 
2.2639999999999993 
2.3450000000000006 
2.4510000000000005 
2.5459999999999994 
2.6259999999999994 
2.6950000000000003 
2.7650000000000006 
2.8260000000000005 
2.8789999999999996 
2.896000000000001 
2.8580000000000005 
2.646000000000001 
2.471 
2.314 
2.26 
2.263 
2.237 
2.1180000000000003 
1.9989999999999988 
1.9669999999999987 
1.9849999999999994 
2.0359999999999996 
2.148999999999999 
2.2729999999999997 
2.2940000000000005 
2.269 
2.2620000000000005 
2.282 
2.3160000000000007 
2.3550000000000004 
2.3870000000000005 
2.4109999999999996 
2.4109999999999996 
2.3659999999999997 
2.3100000000000005 
2.218 
2.1140000000000008 
2.005000000000001 
1.8670000000000009 
1.8150000000000013 
1.8240000000000016 
1.8200000000000003 
1.7940000000000005 
1.7669999999999995 
1.8230000000000004 
1.904 
1.9600000000000009 
1.9830000000000005 
1.9319999999999986 
1.7899999999999991 
1.6789999999999985 
1.408999999999999 
1.1170000000000009 
0.7979999999999983 
0.4499999999999993 
0.2940000000000005 
0.3949999999999996 
0.7689999999999984 
1.2590000000000003 
1.3299999999999983 
1.561 
1.9009999999999998 
1.9229999999999983 
1.6499999999999986 
1.3719999999999999 
1.3009999999999984 
1.2190000000000012 
1.245000000000001 
1.3659999999999997 
1.4780000000000015 
1.593 
1.4920000000000009 
1.4280000000000008 
1.4209999999999994 
1.5399999999999991 
1.7680000000000007 
2.026 
2.2319999999999993 
2.234 
2.061 
1.8949999999999996 
1.8230000000000004 
1.8039999999999985 
1.5859999999999985 
1.3359999999999985 
1.0620000000000012 
0.7839999999999989 
0.5609999999999999 
0.36499999999999844 
0.23000000000000043 
0.21000000000000085 
0.3460000000000001 
0.5820000000000007 
0.8440000000000012 
1.0859999999999985 
1.318999999999999 
1.5060000000000002 
1.6090000000000018 
1.7049999999999983 
1.7759999999999998 
1.8279999999999994 
1.899000000000001 
2.007999999999999 
2.125 
2.1630000000000003 
2.151 
2.1609999999999996 
2.087999999999999 
2.109 
2.0860000000000003 
1.9510000000000005 
1.7049999999999983 
1.4420000000000002 
1.2890000000000015 
1.2270000000000003 
1.2719999999999985 
1.4220000000000006 
1.686 
1.681000000000001 
1.3640000000000008 
1.0599999999999987 
1.218 
1.5829999999999984 
2.0020000000000007 
2.1020000000000003 
2.132999999999999 
2.1500000000000004 
2.157 
2.1690000000000005 
2.1140000000000008 
2.0329999999999995 
1.911999999999999 
1.8069999999999986 
1.6720000000000006 
1.5159999999999982 
1.338000000000001 
1.1690000000000005 
1.032 
0.9329999999999998 
0.9170000000000016 
0.963000000000001 
1.1529999999999987 
1.4190000000000005 
1.6709999999999994 
1.843 
1.943999999999999 
2.037000000000001 
2.037000000000001 
2.0169999999999995 
2.016 
2.0220000000000002 
2.0220000000000002 
2.0250000000000004 
2.067 
2.1029999999999998 
1.9959999999999987 
1.934000000000001 
1.8440000000000012 
1.7119999999999997 
1.4559999999999995 
1.2199999999999989 
1.0199999999999996 
0.8739999999999988 
0.7719999999999985 
0.6660000000000004 
0.7040000000000006 
0.9170000000000016 
1.1709999999999994 
1.3900000000000006 
1.5710000000000015 
1.7429999999999986 
1.786999999999999 
1.7779999999999987 
1.7609999999999992 
1.7220000000000013 
1.6870000000000012 
1.6329999999999991 
1.5599999999999987 
1.4879999999999995 
1.318999999999999 
1.2169999999999987 
1.0949999999999989 
0.8919999999999995 
0.6499999999999986 
0.41300000000000026 
0.25700000000000145 
0.16199999999999903 
0.13500000000000156 
0.16900000000000048 
0.2989999999999995 
0.5169999999999995 
0.7310000000000016 
0.7989999999999995 
0.7910000000000004 
0.838000000000001 
0.9559999999999995 
1.1409999999999982 
1.347999999999999 
1.556000000000001 
1.7729999999999997 
1.939 
2.039999999999999 
2.069000000000001 
1.8840000000000003 
1.7630000000000017 
1.6119999999999983 
1.4469999999999992 
1.2100000000000009 
0.9819999999999993 
0.8260000000000005 
0.7240000000000002 
0.6870000000000012 
0.7319999999999993 
0.9450000000000003 
1.2579999999999991 
1.5309999999999988 
1.6739999999999995 
1.7089999999999996 
1.7659999999999982 
1.8210000000000015 
1.8619999999999983 
1.9160000000000004 
1.972999999999999 
2.016 
2.0280000000000005 
2.021000000000001 
1.9699999999999989 
1.7680000000000007 
1.6509999999999998 
1.5509999999999984 
1.468 
1.373000000000001 
1.2970000000000006 
1.2540000000000013 
1.2459999999999987 
1.2639999999999993 
1.283999999999999 
1.346 
1.4639999999999986 
1.6159999999999997 
1.7530000000000001 
1.8240000000000016 
1.8840000000000003 
1.9269999999999996 
1.9649999999999999 
2.016 
2.0749999999999993 
2.138 
2.178000000000001 
2.192 
2.157 
1.9329999999999998 
1.782 
1.6380000000000017 
1.5070000000000014 
1.343 
1.190999999999999 
1.1179999999999986 
1.0940000000000012 
1.0889999999999986 
1.1189999999999998 
1.3019999999999996 
1.5809999999999995 
1.8200000000000003 
1.9849999999999994 
2.061 
2.176 
2.3249999999999993 
2.4290000000000003 
2.3870000000000005 
2.2970000000000006 
2.224 
2.16 
2.1389999999999993 
2.141 
2.007999999999999 
1.9450000000000003 
1.9009999999999998 
1.843 
1.7119999999999997 
1.4989999999999988 
1.2979999999999983 
1.1370000000000005 
1.0509999999999984 
1.0109999999999992 
1.0869999999999997 
1.2489999999999988 
1.4480000000000004 
1.6320000000000014 
1.721 
1.7929999999999993 
1.8490000000000002 
1.902000000000001 
1.9609999999999985 
2.0180000000000007 
2.0679999999999996 
2.1029999999999998 
2.1050000000000004 
2.064 
1.8350000000000009 
1.689 
1.5440000000000005 
1.3679999999999986 
1.1990000000000016 
1.0500000000000007 
0.9259999999999984 
0.8299999999999983 
0.7609999999999992 
0.7220000000000013 
0.7340000000000018 
0.9029999999999987 
1.186 
1.4289999999999985 
1.5300000000000011 
1.6280000000000001 
1.7579999999999991 
1.8520000000000003 
1.911999999999999 
1.8900000000000006 
1.8780000000000001 
1.8739999999999988 
1.8500000000000014 
1.7590000000000003 
1.5010000000000012 
1.3030000000000008 
1.0809999999999995 
0.8679999999999986 
0.7089999999999996 
0.5970000000000013 
0.5390000000000015 
0.5169999999999995 
0.5350000000000001 
0.661999999999999 
0.879999999999999 
0.9890000000000008 
1.1189999999999998 
1.213000000000001 
1.190999999999999 
1.1170000000000009 
1.213000000000001 
1.2040000000000006 
1.1409999999999982 
1.027000000000001 
0.9310000000000009 
0.8309999999999995 
0.8350000000000009 
0.6419999999999995 
0.6649999999999991 
0.7890000000000015 
0.8069999999999986 
0.8769999999999989 
0.7590000000000003 
0.5519999999999996 
0.19000000000000128 
0.04899999999999949 
0.06299999999999883 
0.254999999999999 
0.5609999999999999 
0.9490000000000016 
1.2220000000000013 
1.3339999999999996 
1.3550000000000004 
1.402000000000001 
1.4909999999999997 
1.5420000000000016 
1.5799999999999983 
1.6020000000000003 
1.593 
1.5809999999999995 
1.6759999999999984 
1.7979999999999983 
1.8210000000000015 
1.8000000000000007 
1.7079999999999984 
1.564 
1.3619999999999983 
1.1479999999999997 
0.9819999999999993 
0.8619999999999983 
0.7910000000000004 
0.7809999999999988 
0.8670000000000009 
1.027000000000001 
1.221 
1.4200000000000017 
1.5139999999999993 
1.5680000000000014 
1.6310000000000002 
1.7349999999999994 
1.9269999999999996 
2.154 
2.3930000000000007 
2.6270000000000007 
2.8179999999999996 
2.9380000000000006 
2.8740000000000006 
2.7490000000000006 
2.6050000000000004 
2.4819999999999993 
2.367000000000001 
2.26 
2.1029999999999998 
1.8640000000000008 
1.6509999999999998 
1.5259999999999998 
1.5500000000000007 
1.7409999999999997 
2.0169999999999995 
2.2910000000000004 
2.4719999999999995 
2.612 
2.7379999999999995 
2.846 
2.9190000000000005 
2.9610000000000003 
2.9860000000000007 
3.0020000000000007 
2.981 
2.8819999999999997 
2.6159999999999997 
2.4239999999999995 
2.2330000000000005 
2.0380000000000003 
1.8440000000000012 
1.689 
1.6090000000000018 
1.5790000000000006 
1.588000000000001 
1.6260000000000012 
1.7749999999999986 
2.0020000000000007 
2.205 
2.3789999999999996 
2.449 
2.4990000000000006 
2.4670000000000005 
2.375 
2.3070000000000004 
2.253 
2.1980000000000004 
2.1579999999999995 
2.1769999999999996 
2.1980000000000004 
2.0890000000000004 
2.029 
1.931000000000001 
1.7409999999999997 
1.4239999999999995 
1.1239999999999988 
0.9190000000000005 
0.7880000000000003 
0.7100000000000009 
0.652000000000001 
0.6950000000000003 
0.8389999999999986 
1.0350000000000001 
1.2579999999999991 
1.3930000000000007 
1.504999999999999 
1.536999999999999 
1.5090000000000003 
1.475999999999999 
1.4100000000000001 
1.3290000000000006 
1.2469999999999999 
1.2029999999999994 
1.1149999999999984 
0.870000000000001 
0.6780000000000008 
0.4579999999999984 
0.26899999999999835 
0.05900000000000105 
0 
0 
0 
0 
0 
0 
0.0070000000000014495 
0.26200000000000045 
0.4319999999999986 
0.4549999999999983 
0.39099999999999824 
0.29299999999999926 
0.25 
0.31899999999999906 
0.4740000000000002 
0.6490000000000009 
0.8359999999999985 
0.9860000000000007 
1.024000000000001 
0.9050000000000011 
0.7860000000000014 
0.6679999999999993 
0.5599999999999987 
0.4190000000000005 
0.2959999999999994 
0.21000000000000085 
0.11100000000000065 
0.019999999999999574 
0 
0 
0.015999999999998238 
0.16499999999999915 
0.3000000000000007 
0.33899999999999864 
0.3550000000000004 
0.370000000000001 
0.3780000000000001 
0.40500000000000114 
0.44099999999999895 
0.47800000000000153 
0.5159999999999982 
0.6400000000000006 
0.8049999999999997 
0.8670000000000009 
0.9299999999999997 
0.8979999999999997 
0.6260000000000012 
0.28999999999999915 
0 
0 
0 
0 
0 
0 
0 
0 
0 
0 
0 
0.09499999999999886 
0.1460000000000008 
0.19399999999999906 
0.2510000000000012 
0.4299999999999997 
0.6310000000000002 
0.9510000000000005 
0.9239999999999995 
0.9190000000000005 
1.0120000000000005 
0.8979999999999997 
0.6230000000000011 
0.41799999999999926 
0.37099999999999866 
0.43299999999999983 
0.48300000000000054 
0.4609999999999985 
0.3410000000000011 
0.43799999999999883 
0.7310000000000016 
0.9800000000000004 
1.2109999999999985 
1.4250000000000007 
1.6340000000000003 
1.7439999999999998 
1.7899999999999991 
1.841000000000001 
1.939 
2.0410000000000004 
2.101000000000001 
2.141 
2.0939999999999994 
1.9130000000000003 
1.7409999999999997 
1.529 
1.2979999999999983 
1.096 
0.9660000000000011 
0.8769999999999989 
0.8150000000000013 
0.7809999999999988 
0.7929999999999993 
0.8760000000000012 
1.0899999999999999 
1.4110000000000014 
1.7310000000000016 
1.9800000000000004 
2.1709999999999994 
2.33 
2.484 
2.6500000000000004 
2.7970000000000006 
2.9209999999999994 
2.992000000000001 
2.9570000000000007 
2.803000000000001 
2.539999999999999 
2.3360000000000003 
2.128 
1.902000000000001 
1.6900000000000013 
1.4609999999999985 
1.1990000000000016 
0.9579999999999984 
0.75 
0.6020000000000003 
0.5450000000000017 
0.5859999999999985 
0.6720000000000006 
0.7880000000000003 
0.8460000000000001 
0.9239999999999995 
1.0330000000000013 
1.1969999999999992 
1.399000000000001 
1.623000000000001 
1.818999999999999 
2.0150000000000006 
2.1790000000000003 
2.2430000000000003 
2.2200000000000006 
2.2140000000000004 
2.154 
1.9499999999999993 
1.6290000000000013 
1.2169999999999987 
0.8629999999999995 
0.6589999999999989 
0.4740000000000002 
0.3829999999999991 
0.4460000000000015 
0.5899999999999999 
0.7319999999999993 
0.879999999999999 
0.9289999999999985 
0.9400000000000013 
0.9450000000000003 
0.9229999999999983 
0.902000000000001 
0.8460000000000001 
0.7890000000000015 
0.7439999999999998 
0.7360000000000007 
0.6980000000000004 
0.5949999999999989 
0.5470000000000006 
0.7719999999999985 
1.6559999999999988 
2.3249999999999993 
2.3689999999999998 
2.2970000000000006 
2.3840000000000003 
2.465 
2.3439999999999994 
2.0790000000000006 
1.745000000000001 
1.4819999999999993 
1.3279999999999994 
1.2240000000000002 
1.186 
1.2010000000000005 
1.2560000000000002 
1.3560000000000016 
1.4510000000000005 
1.5249999999999986 
1.5569999999999986 
1.5719999999999992 
1.5680000000000014 
1.4699999999999989 
1.3520000000000003 
1.152000000000001 
0.9130000000000003 
0.7139999999999986 
0.5609999999999999 
0.4299999999999997 
0.34299999999999997 
0.30900000000000105 
0.3150000000000013 
0.3569999999999993 
0.4740000000000002 
0.6449999999999996 
0.8290000000000006 
0.9289999999999985 
0.9810000000000016 
0.9959999999999987 
0.9699999999999989 
0.9460000000000015 
0.9540000000000006 
0.9589999999999996 
0.9649999999999999 
1.0 
1.0229999999999997 
0.9649999999999999 
0.8219999999999992 
0.684000000000001 
0.565999999999999 
0.41600000000000037 
0.2789999999999999 
0.21399999999999864 
0.18499999999999872 
0.2190000000000012 
0.23499999999999943 
0.11299999999999955 
0.32700000000000173 
0.5500000000000007 
0.7399999999999984 
0.9149999999999991 
0.9690000000000012 
0.9740000000000002 
0.9439999999999991 
0.9299999999999997 
0.9860000000000007 
1.097999999999999 
1.2409999999999997 
1.2759999999999998 
1.1759999999999984 
1.0249999999999986 
0.8949999999999996 
0.7579999999999991 
0.6239999999999988 
0.4209999999999994 
0.18400000000000105 
0.009000000000000341 
0 
0 
0 
0.08800000000000097 
0.2920000000000016 
0.48999999999999844 
0.6539999999999999 
0.7059999999999995 
0.7360000000000007 
0.6930000000000014 
0.6239999999999988 
0.6600000000000001 
0.875 
1.1849999999999987 
1.443999999999999 
1.4529999999999994 
1.251999999999999 
0.9319999999999986 
0.5650000000000013 
0.22500000000000142 
0 
0 
0 
0 
0 
0 
0 
0 
0.004999999999999005 
0.11599999999999966 
0.3260000000000005 
0.43599999999999994 
0.4969999999999999 
0.5539999999999985 
0.6119999999999983 
0.7089999999999996 
0.8109999999999999 
0.9179999999999993 
0.9840000000000018 
1.0489999999999995 
1.024000000000001 
0.8260000000000005 
0.7040000000000006 
0.5620000000000012 
0.3689999999999998 
0.1739999999999995 
0.06099999999999994 
0 
0 
0 
0 
0 
0.022999999999999687 
0.08500000000000085 
0.12900000000000134 
0.13100000000000023 
0.16000000000000014 
0.26599999999999824 
0.39000000000000057 
0.4920000000000009 
0.5609999999999999 
0.6179999999999986 
0.6370000000000005 
0.5889999999999986 
0.48400000000000176 
0.34499999999999886 
0.19399999999999906 
0.03999999999999915 
0 
0 
0 
0 
0 
0 
0 
0 
0 
0 
0 
0.11299999999999955 
0.39399999999999835 
0.4710000000000001 
0.3960000000000008 
0.3099999999999987 
0.23300000000000054 
0.1559999999999988 
0.06099999999999994 
0.0010000000000012221 
0 
0 
0 
0 
0 
0 
0 
0 
0 
0 
0 
0 
0 
0 
0 
0 
0 
0 
0.03399999999999892 
0.05900000000000105 
0.10099999999999909 
0.13899999999999935 
0.17999999999999972 
0.23000000000000043 
0.2029999999999994 
0.07499999999999929 
0 
0 
0 
0 
0 
0 
0 
0 
0 
0 
0 
0 
0 
0 
0 
0 
0 
0 
0 
0 
0 
0 
0 
0 
0 
0 
0 
0 
0 
0 
0 
0 
0 
0 
0 
0 
0 
0 
0 
0 
0 
0 
0 
0 
0 
0 
0 
0 
0 
0 
0 
0 
0 
0 
0 
0 
0 
0 
0 
0 
0 
0 
0 
0 
0 
0 
0 
0 
0 
0 
0 
0 
0 
0 
0 
0 
0 
0 
0 
0 
0 
0 
0 
0 
0 
0 
0 
0 
0 
0 
0 
0 
0 
0 
0 
0 
0 
0 
0 
0 
0 
0 
0 
0 
0 
0 
0 
0 
0 
0 
0 
0 
0 
0 
0 
0 
0 
0 
0 
0 
0 
0 
0 
0 
0 
0 
0 
0 
0 
0 
0 
0 
0 
0 
0 
0 
0 
0 
0 
0 
0 
0 
0 
0 
0 
0 
0 
0 
0 
0 
0 
0.015000000000000568 
0.07600000000000051 
0.06599999999999895 
0 
0 
0 
0 
0 
0 
0 
0 
0 
0 
0 
0.04299999999999926 
0.11599999999999966 
0.07499999999999929 
0 
0 
0 
0 
0 
0 
0 
0 
0 
0 
0 
0 
0 
0 
0 
0 
0 
0 
0 
0 
0 
0 
0 
0 
0 
0 
0 
0 
0 
0 
0 
0 
0 
0 
0 
0 
0 
0 
0 
0 
0 
0 
0 
0 
0 
0 
0 
0 
0 
0 
0 
0 
0 
0 
0 
0 
0 
0 
0 
0 
0 
0 
0 
0 
0 
0 
0 
0 
0 
0 
0 
0 
0 
0 
0 
0 
0 
0 
0 
0 
0 
0 
0 
0 
0 
0 
0 
0 
0 
0 
0 
0 
0 
0 
0 
0 
0 
0 
0 
0 
0 
0 
0 
0 
0 
0 
0 
0 
0 
0 
0 
0 
0 
0 
0 
0 
0 
0 
0 
0 
0 
0 
0 
0 
0 
0 
0 
0 
0 
0 
0 
0 
0 
0 
0 
0 
0 
0 
0 
0 
0 
0 
0 
0 
0 
0 
0 
0 
0 
0 
0 
0 
0 
0 
0 
0 
0 
0 
0 
0 
0 
0 
0 
0 
0 
0 
0 
0 
0 
0 
0 
0 
0 
0 
0 
0 
0 
0 
0 
0 
0 
0 
0 
0 
0 
0 
0 
0 
0 
0 
0 
0 
0 
0 
0 
0 
0 
0 
0 
0 
0 
0 
0 
0 
0 
0 
0 
0 
0 
0 
0 
0 
0 
0 
0 
0 
0 
0 
0 
0 
0 
0 
0 
0 
0 
0 
0 
0 
0 
0 
0 
0 
0 
0 
0 
0 
0 
0 
0 
0 
0 
0 
0 
0 
0 
0 
0 
0 
0 
0 
0 
0 
0 
0 
0 
0 
0 
0 
0 
0 
0 
0 
0 
0 
0 
0 
0 
0 
0 
0 
0 
0 
0 
0 
0 
0 
0 
0 
0 
0 
0 
0 
0 
0 
0 
0 
0 
0 
0 
0 
0 
0 
0 
0 
0 
0 
0 
0 
0 
0 
0 
0 
0 
0 
0 
0 
0 
0 
0 
0 
0 
0 
0 
0 
0 
0 
0 
0 
0 
0 
0 
0 
0 
0 
0 
0 
0 
0 
0 
0 
0 
0 
0 
0 
0 
0 
0 
0 
0 
0 
0 
0 
0 
0 
0 
0 
0 
0 
0 
0 
0 
0 
0 
0 
0 
0 
0 
0 
0 
0 
0 
0 
0 
0 
0 
0 
0 
0 
0 
0 
0 
0 
0 
0 
0 
0 
0 
0 
0 
0 
0 
0 
0 
0 
0 
0 
0 
0 
0 
0 
0 
0 
0 
0 
0 
0 
0 
0 
0 
0 
0 
0 
0 
0 
0 
0 
0 
0 
0 
0 
0 
0 
0 
0 
0 
0 
0 
0 
0 
0 
0 
0 
0 
0 
0 
0 
0 
0 
0 
0 
0 
0 
0 
0 
0 
0 
0 
0 
0 
0 
0 
0 
0 
0 
0 
0 
0 
0 
0 
0 
0 
0 
0 
0 
0 
0 
0 
0 
0 
0 
0 
0 
0 
0 
0 
0 
0 
0 
0 
0 
0 
0 
0 
0 
0 
0 
0 
0 
0 
0 
0 
0 
0 
0 
0 
0 
0 
0 
0 
0 
0 
0 
0 
0 
0 
0 
0 
0 
0 
0 
0 
0 
0 
0 
0 
0 
0 
0 
0 
0 
0 
0 
0 
0 
0 
0 
0 
0 
0 
0 
0 
0 
0 
0 
0 
0 
0 
0 
0 
0 
0 
0 
0 
0 
0 
0 
0 
0 
0 
0 
0 
0 
0 
0 
0 
0 
0 
0 
0 
0 
0 
0 
0 
0 
0 
0 
0 
0 
0 
0 
0 
0 
0 
0 
0 
0 
0 
0 
0 
0 
0 
0 
0 
0 
0 
0 
0 
0 
0 
0 
0 
0 
0 
0 
0 
0 
0 
0 
0 
0 
0 
0 
0 
0 
0 
0 
0 
0 
0 
0 
0 
0 
0 
0 
0 
0 
0 
0 
0 
0 
0 
0 
0 
0 
0 
0 
0 
0 
0 
0 
0 
0 
0 
0 
0 
0 
0 
0 
0 
0 
0 
0 
0 
0 
0 
0 
0 
0 
0 
0 
0 
0 
0 
0 
0 
0 
0 
0 
0 
0 
0 
0 
0 
0 
0 
0 
0 
0 
0 
0 
0 
0 
0 
0 
0 
0 
0 
0 
0 
0 
0 
0 
0 
0 
0 
0 
0 
0 
0 
0 
0 
0 
0 
0 
0 
0 
0 
0 
0 
0 
0 
0 
0 
0 
0 
0 
0 
0 
0 
0 
0 
0 
0 
0 
0 
0 
0 
0 
0 
0 
0 
0 
0 
0 
0 
0 
0 
0 
0 
0 
0 
0 
0 
0 
0 
0 
0 
0 
0 
0 
0 
0 
0 
0 
0 
0 
0 
0 
0 
0 
0 
0 
0 
0 
0 
0 
0 
0 
0 
0 
0 
0 
0 
0 
0 
0 
0 
0 
0 
0 
0 
0 
0 
0 
0 
0 
0 
0 
0 
0 
0 
0 
0 
0 
0 
0 
0 
0 
0 
0 
0 
0 
0 
0 
0 
0 
0 
0 
0 
0 
0 
0 
0 
0 
0 
0 
0 
0 
0 
0 
0 
0 
0 
0 
0 
0 
0 
0 
0 
0 
0 
0 
0 
0 
0 
0 
0 
0 
0 
0 
0 
0 
0 
0 
0 
0 
0 
0 
0 
0 
0 
0 
0 
0 
0 
0 
0 
0 
0 
0 
0 
0 
0 
0 
0 
0 
0 
0 
0 
0 
0 
0 
0 
0 
0 
0 
0 
0 
0 
0 
0 
0 
0 
0 
0 
0 
0 
0 
0 
0 
0 
0 
0 
0 
0 
0 
0 
0 
0 
0 
0 
0 
0 
0 
0 
0 
0 
0 
0 
0 
0 
0 
0 
0 
0 
0 
0 
0 
0 
0 
0 
0 
0 
0 
0 
0 
0 
0 
0 
0 
0 
0 
0 
0 
0 
0 
0 
0 
0 
0 
0 
0 
0 
0 
0 
0 
0 
0 
0 
0 
0 
0 
0 
0 
0 
0 
0 
0 
0 
0 
0 
0 
0 
0 
0 
0 
0 
0 
0 
0 
0 
0 
0 
0 
0 
0 
0 
0 
0 
0 
0 
0 
0 
0 
0 
0 
0 
0 
0 
0 
0 
0 
0 
0 
0 
0 
0 
0 
0 
0 
0 
0 
0 
0 
0 
0 
0 
0 
0 
0 
0 
0 
0 
0 
0 
0 
0 
0 
0 
0 
0 
0 
0 
0 
0 
0 
0 
0 
0 
0 
0 
0 
0 
0 
0 
0 
0 
0 
0 
0 
0 
0 
0 
0 
0 
0 
0 
0 
0 
0 
0 
0 
0 
0 
0 
0 
0 
0 
0 
0 
0 
0 
0 
0 
0 
0 
0 
0 
0 
0 
0 
0 
0 
0 
0 
0 
0 
0 
0 
0 
0 
0 
0 
0 
0 
0 
0 
0 
0 
0 
0 
0 
0 
0 
0 
0 
0 
0 
0 
0 
0 
0 
0 
0 
0 
0 
0 
0 
0 
0 
0 
0 
0 
0 
0 
0 
0 
0 
0 
0 
0 
0 
0 
0 
0 
0 
0 
0 
0 
0 
0 
0 
0 
0 
0 
0 
0 
0 
0 
0 
0 
0 
0 
0 
0 
0 
0 
0 
0 
0 
0 
0 
0 
0 
0 
0 
0 
0 
0 
0 
0 
0 
0 
0 
0 
0 
0 
0 
0 
0 
0 
0 
0 
0 
0 
0 
0 
0 
0 
0 
0 
0 
0 
0 
0 
0 
0 
0 
0 
0 
0 
0 
0 
0 
0 
0 
0 
0 
0 
0 
0 
0 
0 
0 
0 
0 
0 
0 
0 
0 
0 
0 
0 
0 
0 
0 
0 
0 
0 
0 
0 
0 
0 
0 
0 
0 
0 
0 
0 
0 
0 
0 
0 
0 
0 
0 
0 
0 
0 
0 
0 
0 
0 
0 
0 
0 
0 
0 
0 
0 
0 
0 
0 
0 
0 
0 
0 
0 
0 
0 
0 
0 
0 
0 
0 
0 
0 
0 
0 
0 
0 
0 
0 
0 
0 
0 
0 
0 
0 
0 
0 
0 
0 
0 
0 
0 
0 
0 
0 
0 
0 
0 
0 
0 
0 
0 
0 
0 
0 
0 
0 
0 
0 
0 
0 
0 
0 
0 
0 
0 
0 
0 
0 
0 
0 
0 
0 
0 
0 
0 
0 
0 
0 
0 
0 
0 
0 
0 
0 
0 
0 
0 
0 
0 
0 
0 
0 
0 
0 
0 
0 
0 
0 
0 
0 
0 
0 
0 
0 
0 
0 
0 
0 
0 
0 
0 
0 
0 
0 
0 
0 
0 
0 
0 
0 
0 
0 
0 
0 
0 
0 
0 
0 
0 
0 
0 
0 
0 
0 
0 
0 
0 
0 
0 
0 
0 
0 
0 
0 
0 
0 
0 
0 
0 
0 
0 
0 
0 
0 
0 
0 
0 
0 
0 
0 
0 
0 
0 
0 
0 
0 
0 
0 
0 
0 
0 
0 
0 
0 
0 
0 
0 
0 
0 
0 
0 
0 
0 
0 
0 
0 
0 
0 
0 
0 
0 
0 
0 
0 
0 
0 
0 
0 
0 
0 
0 
0 
0 
0 
0 
0 
0 
0 
0 
0 
0 
0 
0 
0 
0 
0 
0 
0 
0 
0 
0 
0 
0 
0 
0 
0 
0 
0 
0 
0 
0 
0 
0 
0 
0 
0 
0 
0 
0 
0 
0 
0 
0 
0 
0 
0 
0 
0 
0 
0 
0 
0 
0 
0 
0 
0 
0 
0 
0 
0 
0 
0 
0 
0 
0 
0 
0 
0 
0 
0 
0 
0 
0 
0 
0 
0 
0 
0 
0 
0 
0 
0 
0 
0 
0 
0 
0 
0 
0 
0 
0 
0 
0 
0 
0 
0 
0 
0 
0 
0 
0 
0 
0 
0 
0 
0 
0 
0 
0 
0 
0 
0 
0 
0 
0 
0 
0 
0 
0 
0 
0 
0 
0 
0 
0 
0 
0 
0 
0 
0 
0 
0 
0 
0 
0 
0 
0 
0 
0 
0 
0 
0 
0 
0 
0 
0 
0 
0 
0 
0 
0 
0 
0 
0 
0 
0 
0 
0 
0 
0 
0 
0 
0 
0 
0 
0 
0 
0 
0 
0 
0 
0 
0 
0 
0 
0 
0 
0 
0 
0 
0 
0 
0 
0 
0 
0 
0 
0 
0 
0 
0 
0 
0 
0 
0 
0 
0 
0 
0 
0 
0 
0 
0 
0 
0 
0 
0 
0 
0 
0 
0 
0 
0 
0 
0 
0 
0 
0 
0 
0 
0 
0 
0 
0 
0 
0 
0 
0 
0 
0 
0 
0 
0 
0 
0 
0 
0 
0 
0 
0 
0 
0 
0 
0 
0 
0 
0 
0 
0 
0 
0 
0 
0 
0 
0 
0 
0 
0 
0 
0 
0 
0 
0 
0 
0 
0 
0 
0 
0 
0 
0 
0 
0 
0 
0 
0 
0 
0 
0 
0 
0 
0 
0 
0 
0 
0 
0 
0 
0 
0 
0 
0 
0 
0 
0 
0 
0 
0 
0 
0 
0 
0 
0 
0 
0 
0 
0 
0 
0 
0 
0 
0 
0 
0 
0 
0 
0 
0 
0 
0 
0 
0 
0 
0 
0 
0 
0 
0 
0 
0 
0 
0 
0 
0 
0 
0 
0 
0 
0 
0 
0 
0 
0 
0 
0 
0 
0 
0 
0 
0 
0 
0 
0 
0 
0 
0 
0 
0 
0 
0 
0 
0 
0 
0 
0 
0 
0 
0 
0 
0 
0 
0 
0 
0 
0 
0 
0 
0 
0 
0 
0 
0 
0 
0 
0 
0 
0 
0 
0 
0 
0 
0 
0 
0 
0 
0 
0 
0 
0 
0 
0 
0 
0 
0 
0 
0 
0 
0 
0 
0 
0 
0 
0 
0 
0 
0 
0 
0 
0 
0 
0 
0 
0 
0 
0 
0 
0 
0 
0 
0 
0 
0 
0 
0 
0 
0 
0 
0 
0 
0 
0 
0 
0 
0 
0 
0 
0 
0 
0 
0 
0 
0 
0 
0 
0 
0 
0 
0 
0 
0 
0 
0 
0 
0 
0 
0 
0 
0 
0 
0 
0 
0 
0 
0 
0 
0 
0 
0 
0 
0 
0 
0 
0 
0 
0 
0 
0 
0 
0 
0 
0 
0 
0 
0 
0 
0 
0 
0 
0 
0 
0 
0 
0 
0 
0 
0 
0 
0 
0 
0 
0 
0 
0 
0 
0 
0 
0 
0 
0 
0 
0 
0 
0 
0 
0 
0 
0 
0 
0 
0 
0 
0 
0 
0 
0 
0 
0 
0 
0 
0 
0 
0 
0 
0 
0 
0 
0 
0 
0 
0 
0 
0 
0 
0 
0 
0 
0 
0 
0 
0 
0 
0 
0 
0 
0 
0 
0 
0 
0 
0 
0 
0 
0 
0 
0 
0 
0 
0 
0 
0 
0 
0 
0 
0 
0 
0 
0 
0 
0 
0 
0 
0 
0 
0 
0 
0 
0 
0 
0 
0 
0 
0 
0 
0 
0 
0 
0 
0 
0 
0 
0 
0 
0 
0 
0 
0 
0 
0 
0 
0 
0 
0 
0 
0 
0 
0 
0 
0 
0 
0 
0 
0 
0 
0 
0 
0 
0 
0 
0 
0 
0 
0 
0 
0 
0 
0 
0 
0 
0 
0 
0 
0 
0 
0 
0 
0 
0 
0 
0 
0 
0 
0 
0 
0 
0 
0 
0 
0 
0 
0 
0 
0 
0 
0 
0 
0 
0 
0 
0 
0 
0 
0 
0 
0 
0 
0 
0 
0 
0 
0 
0 
0 
0 
0 
0 
0 
0 
0 
0 
0 
0 
0 
0 
0 
0 
0 
0 
0 
0 
0 
0 
0 
0 
0 
0 
0 
0 
0 
0 
0 
0 
0 
0 
0 
0 
0 
0 
0 
0 
0 
0 
0 
0 
0 
0 
0 
0 
0 
0 
0 
0 
0 
0 
0 
0 
0 
0 
0 
0 
0 
0 
0 
0 
0 
0 
0 
0 
0 
0 
0 
0 
0 
0 
0 
0 
0 
0 
0 
0 
0 
0 
0 
0 
0 
0 
0 
0 
0 
0 
0 
0 
0 
0 
0 
0 
0 
0 
0 
0 
0 
0 
0 
0 
0 
0 
0 
0 
0 
0 
0 
0 
0 
0 
0 
0 
0 
0 
0 
0 
0 
0 
0 
0 
0 
0 
0 
0 
0 
0 
0 
0 
0 
0 
0 
0 
0 
0 
0 
0 
0 
0 
0 
0 
0 
0 
0 
0 
0 
0 
0 
0 
0 
0 
0 
0 
0 
0 
0 
0 
0 
0 
0 
0 
0 
0 
0 
0 
0 
0 
0 
0 
0 
0 
0 
0 
0 
0 
0 
0 
0 
0 
0 
0 
0 
0 
0 
0 
0 
0 
0 
0 
0 
0 
0 
0 
0 
0 
0 
0 
0 
0 
0 
0 
0 
0 
0 
0 
0 
0 
0 
0 
0 
0 
0 
0 
0 
0 
0 
0 
0 
0 
0 
0 
0 
0 
0 
0 
0 
0 
0 
0 
0 
0 
0 
0 
0 
0 
0 
0 
0 
0 
0 
0 
0 
0 
0 
0 
0 
0 
0 
0 
0 
0 
0 
0 
0 
0 
0 
0 
0 
0 
0 
0 
0 
0 
0 
0 
0 
0 
0 
0 
0 
0 
0 
0 
0 
0 
0 
0 
0 
0 
0 
0 
0 
0 
0 
0 
0 
0 
0 
0 
0 
0 
0 
0 
0 
0 
0 
0 
0 
0 
0 
0 
0 
0 
0 
0 
0 
0 
0 
0 
0 
0 
0 
0 
0 
0 
0 
0 
0 
0 
0 
0 
0 
0 
0 
0 
0 
0 
0 
0 
0 
0 
0 
0 
0 
0 
0 
0 
0 
0 
0 
0 
0 
0 
0 
0 
0 
0 
0 
0 
0 
0 
0 
0 
0 
0 
0 
0 
0 
0 
0 
0 
0 
0 
0 
0 
0 
0 
0 
0 
0 
0 
0 
0 
0 
0 
0 
0 
0 
0 
0 
0 
0 
0 
0 
0 
0 
0 
0 
0 
0 
0 
0 
0 
0 
0 
0 
0 
0 
0 
0 
0 
0 
0 
0 
0 
0 
0 
0 
0 
0 
0 
0 
0 
0 
0 
0 
0 
0 
0 
0 
0 
0 
0 
0 
0 
0 
0 
0 
0 
0 
0 
0 
0 
0 
0 
0 
0 
0 
0 
0 
0 
0 
0 
0 
0 
0 
0 
0 
0 
0 
0 
0 
0 
0 
0 
0 
0 
0 
0 
0 
0 
0 
0 
0 
0 
0 
0 
0 
0 
0 
0 
0 
0 
0 
0 
0 
0 
0 
0 
0 
0 
0 
0 
0 
0 
0 
0 
0 
0 
0 
0 
0 
0 
0 
0 
0 
0 
0 
0 
0 
0 
0 
0 
0 
0 
0 
0 
0 
0 
0 
0 
0 
0 
0 
0 
0 
0 
0 
0 
0 
0 
0 
0 
0 
0 
0 
0 
0 
0 
0 
0 
0 
0 
0 
0 
0 
0 
0 
0 
0 
0 
0 
0 
0 
0 
0 
0 
0 
0 
0 
0 
0 
0 
0 
0 
0 
0 
0 
0 
0 
0 
0 
0 
0 
0 
0 
0 
0 
0 
0 
0 
0 
0 
0 
0 
0 
0 
0 
0 
0 
0 
0 
0 
0 
0 
0 
0 
0 
0 
0 
0 
0 
0 
0 
0 
0 
0 
0 
0 
0 
0 
0 
0 
0 
0 
0 
0 
0 
0 
0 
0 
0 
0 
0 
0 
0 
0 
0 
0 
0 
0 
0 
0 
0 
0 
0 
0 
0 
0 
0 
0 
0 
0 
0 
0 
0 
0 
0 
0 
0 
0 
0 
0 
0 
0 
0 
0 
0 
0 
0 
0 
0 
0 
0 
0 
0 
0 
0 
0 
0 
0 
0 
0 
0 
0 
0 
0 
0 
0 
0 
0 
0 
0 
0 
0 
0 
0 
0 
0 
0 
0 
0 
0 
0 
0 
0 
0 
0 
0 
0 
0 
0 
0 
0 
0 
0 
0 
0 
0 
0 
0 
0 
0 
0 
0 
0 
0 
0 
0 
0 
0 
0 
0 
0 
0 
0 
0 
0 
0 
0 
0 
0 
0 
0 
0 
0 
0 
0 
0 
0 
0 
0 
0 
0 
0 
0 
0 
0 
0 
0 
0 
0 
0 
0 
0 
0 
0 
0 
0 
0 
0 
0 
0 
0 
0 
0 
0 
0 
0 
0 
0 
0 
0 
0 
0 
0 
0 
0 
0 
0 
0 
0 
0 
0 
0 
0 
0 
0 
0 
0 
0 
0 
0 
0 
0 
0 
0 
0 
0 
0 
0 
0 
0 
0 
0 
0 
0 
0 
0 
0 
0 
0 
0 
0 
0 
0 
0 
0 
0 
0 
0 
0 
0 
0 
0 
0 
0 
0 
0 
0 
0 
0 
0 
0 
0 
0 
0 
0 
0 
0 
0 
0 
0 
0 
0 
0 
0 
0 
0 
0 
0 
0 
0 
0 
0 
0 
0 
0 
0 
0 
0 
0 
0 
0 
0 
0 
0 
0 
0 
0 
0 
0 
0 
0 
0 
0 
0 
0 
0 
0 
0 
0 
0 
0 
0 
0 
0 
0 
0 
0 
0 
0 
0 
0 
0 
0 
0 
0 
0 
0 
0 
0 
0 
0 
0 
0 
0 
0 
0 
0 
0 
0 
0 
0 
0 
0 
0 
0 
0 
0 
0 
0 
0 
0 
0 
0 
0 
0 
0 
0 
0 
0 
0 
0 
0 
0 
0 
0 
0 
0 
0 
0 
0 
0 
0 
0 
0 
0 
0 
0 
0 
0 
0 
0 
0 
0 
0 
0 
0 
0 
0 
0 
0 
0 
0 
0 
0 
0 
0 
0 
0 
0 
0 
0 
0 
0 
0 
0 
0 
0 
0 
0 
0 
0 
0 
0 
0 
0 
0 
0 
0 
0 
0 
0 
0 
0 
0 
0 
0 
0 
0 
0 
0 
0 
0 
0 
0 
0 
0 
0 
0 
0 
0 
0 
0 
0 
0 
0 
0 
0 
0 
0 
0 
0 
0 
0 
0 
0 
0 
0 
0 
0 
0 
0 
0 
0 
0 
0 
0 
0 
0 
0 
0 
0 
0 
0 
0 
0 
0 
0 
0 
0 
0 
0 
0 
0 
0 
0 
0 
0 
0 
0 
0 
0 
0 
0 
0 
0 
0 
0 
0 
0 
0 
0 
0 
0 
0 
0 
0 
0 
0 
0 
0 
0 
0 
0 
0 
0 
0 
0 
0 
0 
0 
0 
0 
0 
0 
0 
0 
0 
0 
0 
0 
0 
0 
0 
0 
0 
0 
0 
0 
0 
0 
0 
0 
0 
0 
0 
0 
0 
0 
0 
0 
0 
0 
0 
0 
0 
0 
0 
0 
0 
0 
0 
0 
0 
0 
0 
0 
0 
0 
0 
0 
0 
0 
0 
0 
0 
0 
0 
0 
0 
0 
0 
0 
0 
0 
0 
0 
0 
0 
0 
0 
0 
0 
0 
0 
0 
0 
0 
0 
0 
0 
0 
0 
0 
0 
0 
0 
0 
0 
0 
0 
0 
0 
0 
0 
0 
0 
0 
0 
0 
0 
0 
0 
0 
0 
0 
0 
0 
0 
0 
0 
0 
0 
0 
0 
0 
0 
0 
0 
0 
0 
0 
0 
0 
0 
0 
0 
0 
0 
0 
0 
0 
0 
0 
0 
0 
0 
0 
0 
0 
0 
0 
0 
0 
0 
0 
0 
0 
0 
0 
0 
0 
0 
0 
0 
0 
0 
0 
0 
0 
0 
0 
0 
0 
0 
0 
0 
0 
0 
0 
0 
0 
0 
0 
0 
0 
0 
0 
0 
0 
0 
0 
0 
0 
0 
0 
0 
0 
0 
0 
0 
0 
0 
0 
0 
0 
0 
0 
0 
0 
0 
0 
0 
0 
0 
0 
0 
0 
0 
0 
0 
0 
0 
0 
0 
0 
0 
0 
0 
0 
0 
0 
0 
0 
0 
0 
0 
0 
0 
0 
0 
0 
0 
0 
0 
0 
0 
0 
0 
0 
0 
0 
0 
0 
0 
0 
0 
0 
0 
0 
0 
0 
0 
0 
0 
0 
0 
0 
0 
0 
0 
0 
0 
0 
0 
0 
0 
0 
0 
0 
0 
0 
0 
0 
0 
0 
0 
0 
0 
0 
0 
0 
0 
0 
0 
0 
0 
0 
0 
0 
0 
0 
0 
0 
0 
0 
0 
0 
0 
0 
0 
0 
0 
0 
0 
0 
0 
0 
0 
0 
0 
0 
0 
0 
0 
0 
0 
0 
0 
0 
0 
0 
0 
0 
0 
0 
0 
0 
0 
0 
0 
0 
0 
0 
0 
0 
0 
0 
0 
0 
0 
0 
0 
0 
0 
0 
0 
0 
0 
0 
0 
0 
0 
0 
0 
0 
0 
0 
0 
0 
0 
0 
0 
0 
0 
0 
0 
0 
0 
0 
0 
0 
0 
0 
0 
0 
0 
0 
0 
0 
0 
0 
0 
0 
0 
0 
0 
0 
0 
0 
0 
0 
0 
0 
0 
0 
0 
0 
0 
0 
0 
0 
0 
0 
0 
0 
0 
0 
0 
0 
0 
0 
0 
0 
0 
0 
0 
0 
0 
0 
0 
0 
0 
0 
0 
0 
0 
0 
0 
0 
0 
0 
0 
0 
0 
0 
0 
0 
0 
0 
0 
0 
0 
0 
0 
0 
0 
0 
0 
0 
0 
0 
0 
0 
0 
0 
0 
0 
0 
0 
0 
0 
0 
0 
0 
0 
0 
0 
0 
0 
0 
0 
0 
0 
0 
0 
0 
0 
0 
0 
0 
0 
0 
0 
0 
0 
0 
0 
0 
0 
0 
0 
0 
0 
0 
0 
0 
0 
0 
0 
0 
0 
0 
0 
0 
0 
0 
0 
0 
0 
0 
0 
0 
0 
0 
0 
0 
0 
0 
0 
0 
0 
0 
0 
0 
0 
0 
0 
0 
0 
0 
0 
0 
0 
0 
0 
0 
0 
0 
0 
0 
0 
0 
0 
0 
0 
0 
0 
0 
0 
0 
0 
0 
0 
0 
0 
0 
0 
0 
0 
0 
0 
0 
0 
0 
0 
0 
0 
0 
0 
0 
0 
0 
0 
0 
0 
0 
0 
0 
0 
0 
0 
0 
0 
0 
0 
0 
0 
0 
0 
0 
0 
0 
0 
0 
0 
0 
0 
0 
0 
0 
0 
0 
0 
0 
0 
0 
0 
0 
0 
0 
0 
0 
0 
0 
0 
0 
0 
0 
0 
0 
0 
0 
0 
0 
0 
0 
0 
0 
0 
0 
0 
0 
0 
0 
0 
0 
0 
0 
0 
0 
0 
0 
0 
0 
0 
0 
0 
0 
0 
0 
0 
0 
0 
0 
0 
0 
0 
0 
0 
0 
0 
0 
0 
0 
0 
0 
0 
0 
0 
0 
0 
0 
0 
0 
0 
0 
0 
0 
0 
0 
0 
0 
0 
0 
0 
0 
0 
0 
0 
0 
0 
0 
0 
0 
0 
0 
0 
0 
0 
0 
0 
0 
0 
0 
0 
0 
0 
0 
0 
0 
0 
0 
0 
0 
0 
0 
0 
0 
0 
0 
0 
0 
0 
0 
0 
0 
0 
0 
0 
0 
0 
0 
0 
0 
0 
0 
0 
0 
0 
0 
0 
0 
0 
0 
0 
0 
0 
0 
0 
0 
0 
0 
0 
0 
0.2480000000000011 
0.27199999999999847 
0.26500000000000057 
0.24599999999999866 
0.3049999999999997 
0.6000000000000014 
0.6900000000000013 
0.6060000000000016 
0.6720000000000006 
0.6780000000000008 
0.6930000000000014 
0.7330000000000005 
0.6640000000000015 
0.49599999999999866 
0.31400000000000006 
0.1039999999999992 
0 
0 
0 
0 
0 
0 
0 
0 
0 
0 
0 
0 
0 
0 
0 
0 
0 
0 
0 
0 
0 
0 
0 
0 
0 
0 
0 
0 
0 
0 
0 
0 
0 
0 
0 
0 
0 
0 
0 
0 
0 
0 
0 
0 
0 
0 
0 
0 
0 
0 
0 
0 
0 
0 
0 
0 
0 
0 
0 
0 
0 
0 
0 
0 
0 
0 
0 
0 
0 
0 
0 
0 
0 
0 
0 
0 
0 
0 
0 
0 
0 
0 
0 
0 
0 
0 
0 
0 
0 
0 
0 
0 
0 
0 
0 
0 
0 
0 
0 
0 
0 
0 
0 
0 
0 
0 
0 
0 
0 
0 
0 
0 
0 
0 
0 
0.17599999999999838 
0.13599999999999923 
0 
0 
0.10300000000000153 
0.14199999999999946 
0.01899999999999835 
0 
0 
0 
0 
0 
0.1269999999999989 
0.16900000000000048 
0.18799999999999883 
0.1930000000000014 
0.1999999999999993 
0.24599999999999866 
0.2920000000000016 
0.30900000000000105 
0.1980000000000004 
0.11100000000000065 
0 
0 
0 
0 
0 
0 
0 
0 
0 
0 
0 
0 
0 
0 
0 
0 
0 
0 
0 
0 
0 
0 
0 
0 
0 
0 
0 
0 
0 
0 
0 
0 
0 
0 
0 
0 
0 
0 
0.16100000000000136 
0.29299999999999926 
0.3829999999999991 
0.41100000000000136 
0.36100000000000065 
0.29100000000000037 
0.23600000000000065 
0.1479999999999997 
0 
0 
0 
0 
0 
0 
0 
0 
0 
0.1490000000000009 
0.23199999999999932 
0.2740000000000009 
0.2989999999999995 
0.3219999999999992 
0.31599999999999895 
0.29299999999999926 
0.2710000000000008 
0.2839999999999989 
0.2740000000000009 
0.245000000000001 
0.23199999999999932 
0.2579999999999991 
0.26500000000000057 
0.23000000000000043 
0.10800000000000054 
0.028999999999999915 
0 
0 
0 
0 
0 
0 
0 
0 
0 
0 
0 
0 
0 
0 
0 
0 
0 
0 
0 
0 
0 
0 
0 
0 
0 
0 
0 
0 
0 
0 
0 
0 
0 
0 
0 
0 
0 
0 
0 
0 
0 
0 
0 
0 
0 
0 
0 
0 
0 
0 
0 
0 
0 
0 
0 
0 
0 
0 
0 
0 
0 
0 
0 
0 
0 
0 
0 
0 
0 
1.2310000000000016 
1.6179999999999986 
1.024000000000001 
0.21499999999999986 
0 
0 
0.0730000000000004 
0.23300000000000054 
0.21199999999999974 
0.18700000000000117 
0.013999999999999346 
0 
0 
0 
0.08800000000000097 
0.2519999999999989 
0.33699999999999974 
0.40700000000000003 
0.4469999999999992 
0.4720000000000013 
0.4819999999999993 
0.5279999999999987 
0.6389999999999993 
0.7220000000000013 
0.7360000000000007 
0.6769999999999996 
0.6810000000000009 
0.713000000000001 
0.7349999999999994 
0.6219999999999999 
0.41799999999999926 
0.3200000000000003 
0.26399999999999935 
0.35800000000000054 
0.4430000000000014 
0.46799999999999997 
0.5189999999999984 
0.6750000000000007 
0.8610000000000007 
0.7399999999999984 
0.40800000000000125 
0 
0 
0 
0 
0 
0 
0 
0 
0 
0 
0 
0 
0 
0 
0 
0 
0 
0 
0 
0 
0 
0 
0 
0 
0 
0.010000000000001563 
0.1720000000000006 
0.29799999999999827 
0.3500000000000014 
0.3249999999999993 
0.2510000000000012 
0.11400000000000077 
0 
0 
0 
0 
0 
0 
0 
0 
0 
0 
0 
0 
0 
0 
0 
0 
0 
0 
0 
0 
0 
0 
0 
0 
0 
0 
0 
0 
0 
0 
0 
0 
0 
0 
0 
0 
0 
0 
0 
0 
0 
0 
0 
0 
0 
0 
0 
0 
0 
0 
0 
0 
0 
0 
0 
0 
0 
0 
0 
0 
0 
0 
0 
0 
0 
0 
0 
0 
0 
0 
0 
0 
0 
0 
0 
0 
0 
0 
0 
0 
0 
0 
0 
0 
0 
0 
0.0030000000000001137 
0.06700000000000017 
0.14999999999999858 
0.2220000000000013 
0.2789999999999999 
0.3180000000000014 
0.33200000000000074 
0.32700000000000173 
0.35800000000000054 
0.3730000000000011 
0.23400000000000176 
0.1039999999999992 
0 
0 
0 
0 
0 
0 
0 
0 
0 
0 
0 
0 
0 
0 
0 
0 
0 
0 
0 
0 
0 
0 
0 
0 
0 
0 
0 
0 
0 
0 
0 
0 
0 
0 
0 
0 
0 
0 
0 
0 
0 
0 
0 
0 
0 
0 
0 
0 
0 
0 
0 
0 
0 
0 
0 
0 
0 
0 
0 
0 
0 
0 
0 
0 
0 
0 
0 
0 
0 
0 
0 
0 
0 
0 
0 
0 
0 
0 
0 
0 
0 
0 
0 
0 
0 
0 
0 
0 
0 
0 
0 
0 
0 
0 
0 
0 
0 
0 
0 
0 
0 
0 
0 
0 
0 
0 
0 
0 
0 
0 
0 
0 
0 
0 
0 
0 
0 
0 
0 
0 
0 
0 
0 
0 
0 
0 
0 
0 
0 
0 
0 
0 
0 
0 
0 
0 
0 
0 
0 
0 
0 
0 
0 
0 
0 
0 
0 
0 
0 
0 
0 
0 
0 
0 
0 
0 
0 
0 
0 
0 
0.01699999999999946 
0.05699999999999861 
0.03399999999999892 
0 
0 
0 
0 
0 
0 
0 
0 
0 
0 
0 
0 
0 
0 
0.04400000000000048 
0.09299999999999997 
0.12600000000000122 
0.05999999999999872 
0 
0 
0 
0 
0 
0 
0 
0 
0 
0 
0 
0 
0 
0.12300000000000111 
0.5670000000000002 
0.8969999999999985 
1.0579999999999998 
1.0730000000000004 
0.9329999999999998 
0.6720000000000006 
0.48799999999999955 
0.42299999999999827 
0.43700000000000117 
0.5130000000000017 
0.6370000000000005 
0.7109999999999985 
0.6819999999999986 
0.5910000000000011 
0.5420000000000016 
0.6640000000000015 
1.1020000000000003 
1.7379999999999995 
1.8679999999999986 
1.7459999999999987 
1.6090000000000018 
1.4920000000000009 
1.6090000000000018 
1.9720000000000013 
2.276 
2.4399999999999995 
2.5410000000000004 
2.7040000000000006 
2.7799999999999994 
2.7639999999999993 
2.757999999999999 
2.689 
2.6129999999999995 
2.4939999999999998 
2.4570000000000007 
2.462999999999999 
2.4930000000000003 
2.5410000000000004 
2.599 
2.5980000000000008 
2.569000000000001 
2.4719999999999995 
2.365 
2.202 
2.08 
2.0649999999999995 
2.0440000000000005 
1.8590000000000018 
1.6209999999999987 
1.3889999999999993 
1.221 
1.2109999999999985 
1.3659999999999997 
1.5770000000000017 
1.7809999999999988 
2.01 
2.2230000000000008 
2.3979999999999997 
2.5470000000000006 
2.6679999999999993 
2.771000000000001 
2.8100000000000005 
2.7620000000000005 
2.571999999999999 
2.1910000000000007 
1.7850000000000001 
1.4909999999999997 
1.2669999999999995 
1.3079999999999998 
1.5760000000000005 
1.7010000000000005 
1.6209999999999987 
1.5219999999999985 
1.591000000000001 
1.626999999999999 
1.8069999999999986 
2.0009999999999994 
2.1869999999999994 
2.2490000000000006 
2.1869999999999994 
2.2569999999999997 
2.5 
2.628 
2.5410000000000004 
2.3629999999999995 
2.205 
2.0630000000000006 
1.9579999999999984 
1.8900000000000006 
1.8129999999999988 
1.657 
1.4009999999999998 
1.2330000000000005 
1.093 
0.9740000000000002 
0.8999999999999986 
0.8389999999999986 
0.8500000000000014 
0.9579999999999984 
1.1290000000000013 
1.1789999999999985 
0.9430000000000014 
0.5289999999999999 
0.16600000000000037 
0.01899999999999835 
0 
0 
0 
0 
0 
0 
0 
0 
0 
0 
0 
0 
0 
0 
0 
0 
0 
0 
0 
0 
0.010000000000001563 
0.10200000000000031 
0.18400000000000105 
0.25400000000000134 
0.277000000000001 
0.28699999999999903 
0.3180000000000014 
0.3760000000000012 
0.4549999999999983 
0.5479999999999983 
0.6230000000000011 
0.684000000000001 
0.7429999999999986 
0.7600000000000016 
0.5719999999999992 
0.46699999999999875 
0.3309999999999995 
0.17800000000000082 
0.027999999999998693 
0 
0 
0 
0 
0 
0 
0 
0 
0 
0 
0.07400000000000162 
0.15899999999999892 
0.2289999999999992 
0.3099999999999987 
0.3999999999999986 
0.3979999999999997 
0.3359999999999985 
0.2789999999999999 
0.2010000000000005 
0 
0 
0 
0 
0 
0 
0 
0 
0 
0.15500000000000114 
0.24599999999999866 
0.33999999999999986 
0.4490000000000016 
0.5809999999999995 
0.7089999999999996 
0.777000000000001 
0.7659999999999982 
0.7049999999999983 
0.6239999999999988 
0.5869999999999997 
0.5489999999999995 
0.4400000000000013 
0.2749999999999986 
0.021999999999998465 
0 
0 
0 
0 
0 
0 
0 
0 
0 
0.036000000000001364 
0.06299999999999883 
0.038000000000000256 
0.03399999999999892 
0.012000000000000455 
0 
0 
0 
0 
0 
0 
0 
0 
0 
0 
0 
0 
0 
0 
0 
0 
0 
0 
0 
0 
0 
0 
0 
0 
0 
0 
0 
0 
0 
0 
0 
0.07900000000000063 
0.15700000000000003 
0.19399999999999906 
0.07199999999999918 
0 
0 
0 
0 
0.03399999999999892 
0.11899999999999977 
0.23699999999999832 
0.44099999999999895 
0.6119999999999983 
0.7289999999999992 
0.8320000000000007 
0.9220000000000006 
0.9849999999999994 
1.0219999999999985 
1.0189999999999984 
0.9499999999999993 
0.8200000000000003 
0.657 
0.5289999999999999 
0.4510000000000005 
0.41199999999999903 
0.41499999999999915 
0.3960000000000008 
0.16300000000000026 
0 
0 
0 
0 
0 
0.009000000000000341 
0.17800000000000082 
0.3539999999999992 
0.44200000000000017 
0.4289999999999985 
0.4299999999999997 
0.4259999999999984 
0.4059999999999988 
0.39099999999999824 
0.33800000000000097 
0.20400000000000063 
0.08399999999999963 
0.04400000000000048 
0.08399999999999963 
0.20400000000000063 
0.3780000000000001 
0.5150000000000006 
0.5770000000000017 
0.4920000000000009 
0.3569999999999993 
0.1670000000000016 
0.02400000000000091 
0 
0 
0 
0 
0.021000000000000796 
0.036000000000001364 
0.02499999999999858 
0.0030000000000001137 
0.02400000000000091 
0.06099999999999994 
0.028999999999999915 
0 
0 
0 
0.01899999999999835 
0.03999999999999915 
0.08099999999999952 
0.11599999999999966 
0.0990000000000002 
0.053000000000000824 
0.021999999999998465 
0.036000000000001364 
0 
0 
0 
0 
0 
0 
0 
0 
0 
0 
0.04100000000000037 
0.2699999999999996 
0.39399999999999835 
0.46199999999999974 
0.5159999999999982 
0.5399999999999991 
0.5390000000000015 
0.5130000000000017 
0.5070000000000014 
0.536999999999999 
0.48499999999999943 
0.36299999999999955 
0.08599999999999852 
0.045000000000001705 
0.46999999999999886 
0.8460000000000001 
1.0740000000000016 
1.2149999999999999 
1.3099999999999987 
1.3350000000000009 
1.3919999999999995 
1.3919999999999995 
1.3339999999999996 
1.3049999999999997 
1.3640000000000008 
1.4929999999999986 
1.6640000000000015 
1.9349999999999987 
2.202 
2.303000000000001 
2.311 
2.3019999999999996 
2.2439999999999998 
2.1470000000000002 
2.0709999999999997 
2.0109999999999992 
1.8829999999999991 
1.7940000000000005 
1.7070000000000007 
1.6159999999999997 
1.524000000000001 
1.4110000000000014 
1.3449999999999989 
1.3210000000000015 
1.411999999999999 
1.5159999999999982 
1.5489999999999995 
1.5440000000000005 
1.5229999999999997 
1.5180000000000007 
1.536999999999999 
1.5079999999999991 
1.3500000000000014 
1.1799999999999997 
1.129999999999999 
1.1750000000000007 
1.186 
1.1090000000000018 
0.9959999999999987 
0.9400000000000013 
0.8820000000000014 
0.8649999999999984 
0.8539999999999992 
0.8200000000000003 
0.7630000000000017 
0.6960000000000015 
0.6499999999999986 
0.6490000000000009 
0.7409999999999997 
0.8730000000000011 
0.9660000000000011 
1.0350000000000001 
1.1000000000000014 
1.1509999999999998 
1.2040000000000006 
1.2620000000000005 
1.2979999999999983 
1.3079999999999998 
1.3320000000000007 
1.3679999999999986 
1.3939999999999984 
1.4179999999999993 
1.4609999999999985 
1.5060000000000002 
1.402000000000001 
1.399000000000001 
1.4080000000000013 
1.4029999999999987 
1.3930000000000007 
1.3679999999999986 
1.3449999999999989 
1.3350000000000009 
1.4549999999999983 
1.5829999999999984 
1.6329999999999991 
1.6709999999999994 
1.7020000000000017 
1.7330000000000005 
1.8000000000000007 
1.9080000000000013 
2.016 
2.1029999999999998 
2.1709999999999994 
2.2520000000000007 
2.2840000000000007 
2.271000000000001 
2.2520000000000007 
2.2520000000000007 
2.2219999999999995 
2.2769999999999992 
2.266 
2.208 
2.157 
2.0820000000000007 
1.9939999999999998 
1.8829999999999991 
1.9140000000000015 
1.9460000000000015 
1.8900000000000006 
1.8470000000000013 
1.8210000000000015 
1.814 
1.8150000000000013 
1.841000000000001 
1.9869999999999983 
2.1850000000000005 
2.391 
2.6020000000000003 
2.7040000000000006 
2.638 
2.4779999999999998 
2.2970000000000006 
1.9890000000000008 
1.806000000000001 
1.779 
1.8369999999999997 
1.899000000000001 
1.940999999999999 
1.9430000000000014 
1.9200000000000017 
1.9229999999999983 
1.9740000000000002 
2.335000000000001 
3.037000000000001 
3.6110000000000007 
3.9320000000000004 
4.257999999999999 
4.775 
5.2780000000000005 
5.523999999999999 
5.5440000000000005 
5.555999999999999 
5.529 
5.441000000000001 
5.345000000000001 
5.273 
5.132999999999999 
5.0280000000000005 
4.962 
4.949999999999999 
4.948 
4.9239999999999995 
4.882 
4.837 
4.819000000000001 
4.75 
4.638 
4.598000000000001 
4.677 
4.808 
4.989000000000001 
5.193 
5.438000000000001 
5.714 
5.914999999999999 
5.964 
5.813000000000001 
5.654999999999999 
5.521000000000001 
5.33 
5.02 
4.8740000000000006 
4.827999999999999 
4.797000000000001 
4.818 
4.872 
4.929 
5.013999999999999 
5.367000000000001 
5.726000000000001 
5.978999999999999 
6.189 
6.484999999999999 
6.7010000000000005 
6.192 
5.489000000000001 
4.981 
4.7829999999999995 
4.756 
4.696999999999999 
4.571 
4.380000000000001 
4.196999999999999 
4.082000000000001 
3.875 
3.737 
3.6500000000000004 
3.5150000000000006 
3.398999999999999 
3.3179999999999996 
3.2720000000000002 
3.2959999999999994 
3.3520000000000003 
3.4209999999999994 
3.465 
3.542 
3.585000000000001 
3.6129999999999995 
3.6850000000000005 
3.7940000000000005 
3.9350000000000005 
