6.6850000000000005 
6.728999999999999 
6.680999999999999 
6.651999999999999 
6.619999999999999 
6.452 
6.025 
5.692 
5.526999999999999 
5.273 
4.938000000000001 
4.792 
4.901999999999999 
5.292 
5.917999999999999 
6.220000000000001 
6.384 
6.583 
6.675000000000001 
6.73 
6.68 
6.885999999999999 
7.082000000000001 
7.098000000000001 
7.2330000000000005 
7.211 
7.362 
6.909000000000001 
6.771000000000001 
6.154 
5.010999999999999 
4.35 
3.9830000000000005 
4.157 
4.382 
4.768000000000001 
5.279999999999999 
5.819000000000001 
6.198 
6.605 
7.086 
7.446999999999999 
7.673 
7.804 
7.728999999999999 
7.558 
7.5280000000000005 
7.679 
7.803000000000001 
7.6690000000000005 
7.74 
8.181000000000001 
8.497 
7.413 
5.367000000000001 
4.51 
4.026 
3.6500000000000004 
3.542 
3.571999999999999 
3.7620000000000005 
3.9190000000000005 
4.888 
5.579000000000001 
5.49 
5.045 
4.917 
5.507999999999999 
5.6370000000000005 
5.5969999999999995 
5.763999999999999 
5.808 
5.867000000000001 
5.8919999999999995 
5.65 
5.462 
5.302 
4.7669999999999995 
3.901 
3.212999999999999 
2.9320000000000004 
3.1129999999999995 
3.3279999999999994 
3.737 
3.9819999999999993 
4.356999999999999 
4.821 
5.086 
5.273999999999999 
5.622 
6.0 
6.266 
6.316000000000001 
6.256 
6.109999999999999 
6.141 
6.24 
6.390000000000001 
6.6080000000000005 
6.955 
7.455 
7.045999999999999 
4.768000000000001 
3.7110000000000003 
3.5760000000000005 
3.766 
3.8100000000000005 
4.18 
4.5169999999999995 
5.035 
6.154999999999999 
7.191000000000001 
7.6690000000000005 
7.801 
8.021 
8.252 
8.383 
8.411 
8.577 
8.719 
8.791 
8.762 
8.367 
8.222000000000001 
8.015 
7.836 
7.6419999999999995 
8.044 
7.8740000000000006 
7.788 
7.833 
8.184 
8.113999999999999 
8.289 
8.812999999999999 
9.294 
9.5 
9.492 
9.544 
9.77 
9.942 
10.152000000000001 
10.452000000000002 
10.832 
11.157 
11.246 
11.168 
11.202000000000002 
11.147 
10.363 
8.877 
9.001 
8.87 
8.158 
7.804 
7.579000000000001 
7.473000000000001 
7.584 
8.388 
8.792 
9.144 
9.447000000000001 
9.556000000000001 
9.805 
10.092000000000002 
10.257000000000001 
10.379 
10.597000000000001 
10.931000000000001 
10.431000000000001 
9.686 
9.623 
9.627 
8.887 
7.880000000000001 
7.269 
6.789999999999999 
7.292 
7.446 
7.708 
8.16 
9.077 
10.087 
10.32 
10.725999999999999 
11.163 
11.443999999999999 
11.587 
11.744 
11.68 
11.908999999999999 
12.225 
12.582999999999998 
12.927 
13.323 
13.751999999999999 
14.051 
12.844999999999999 
10.714 
9.744 
8.986 
8.302999999999999 
7.835000000000001 
7.59 
7.631 
8.071 
10.09 
10.971 
10.706 
10.676 
11.065000000000001 
11.472000000000001 
11.631 
11.655000000000001 
11.748 
11.782 
11.666 
11.58 
11.599 
11.826 
12.18 
11.821000000000002 
9.961 
8.387 
7.446 
6.6690000000000005 
5.989000000000001 
5.606999999999999 
5.596 
5.904999999999999 
7.564 
8.381 
8.531 
8.646 
8.695 
9.056000000000001 
9.427 
9.648 
9.765 
9.825 
9.884 
9.931000000000001 
9.958 
9.804 
9.827 
8.798 
6.371 
5.391 
5.356 
5.462 
5.393000000000001 
5.279999999999999 
5.388 
5.679 
6.715999999999999 
7.504 
8.361 
9.267999999999999 
9.756 
10.056000000000001 
10.248999999999999 
10.234 
10.138 
10.125 
10.383999999999999 
10.773 
10.66 
10.081 
9.818999999999999 
8.69 
7.127000000000001 
6.507 
6.099 
5.557 
5.0489999999999995 
4.7330000000000005 
4.879 
5.384 
6.449 
7.147 
7.438000000000001 
7.8100000000000005 
8.44 
8.882 
9.47 
9.802999999999999 
9.881 
9.877 
9.814 
9.34 
8.873 
8.419 
8.193999999999999 
7.827 
6.917 
6.452 
6.339 
6.204000000000001 
6.129 
6.273999999999999 
6.475 
6.821 
7.805 
8.151 
7.954000000000001 
8.122 
8.296 
8.708 
8.771 
8.847999999999999 
9.285 
9.23 
9.126 
9.004 
8.88 
8.812999999999999 
8.835 
8.392000000000001 
6.976000000000001 
6.170999999999999 
5.6080000000000005 
5.167999999999999 
5.18 
5.141 
5.007 
5.07 
6.2330000000000005 
6.837 
6.920999999999999 
6.756 
6.901999999999999 
7.377000000000001 
6.648 
5.843999999999999 
5.723000000000001 
6.1850000000000005 
6.470000000000001 
6.4670000000000005 
6.348000000000001 
6.047000000000001 
6.003 
5.880000000000001 
5.629 
5.0169999999999995 
4.507 
4.204000000000001 
4.0329999999999995 
4.285 
4.771000000000001 
5.202 
5.643000000000001 
5.7010000000000005 
5.487 
5.311 
5.164999999999999 
5.111000000000001 
5.106999999999999 
5.101000000000001 
5.064 
5.068 
5.205 
5.465 
5.628 
7.327 
9.249 
9.468 
8.622 
7.909000000000001 
7.5169999999999995 
7.43 
7.448 
7.601000000000001 
7.851000000000001 
8.316 
9.361 
9.986 
10.3 
10.959 
11.518 
11.972999999999999 
12.211 
12.318999999999999 
12.334 
12.399000000000001 
12.592000000000002 
12.789 
12.882 
13.017 
13.268 
11.693 
9.019 
8.12 
7.875 
7.689 
7.506 
7.359 
7.324999999999999 
7.555999999999999 
9.067 
9.586 
9.208 
9.116 
9.169 
9.329 
9.431000000000001 
9.597999999999999 
9.895 
10.236 
10.608 
10.879999999999999 
11.136 
11.347000000000001 
11.434000000000001 
10.7 
8.557 
7.5280000000000005 
6.654 
5.867000000000001 
5.148 
4.614000000000001 
4.3420000000000005 
4.378 
5.218999999999999 
5.970000000000001 
6.279999999999999 
6.726000000000001 
7.147 
7.5120000000000005 
7.818 
8.03 
8.117 
8.218 
8.306000000000001 
8.354 
8.387 
8.766 
9.214 
8.505 
7.279 
6.73 
6.159000000000001 
5.505000000000001 
5.218 
5.1690000000000005 
5.255000000000001 
5.455 
5.949999999999999 
6.4399999999999995 
6.781000000000001 
6.962999999999999 
7.208 
7.493 
7.884 
7.948 
7.99 
8.26 
8.567 
8.613 
8.853 
8.93 
9.238 
8.352 
6.625 
6.334 
5.5969999999999995 
5.127000000000001 
5.055999999999999 
5.093999999999999 
5.3740000000000006 
6.077 
7.324 
8.113999999999999 
8.422 
8.568999999999999 
8.568 
8.52 
8.366 
8.242 
8.36 
8.651 
9.21 
9.323 
9.38 
9.47 
9.671 
8.726 
6.904 
5.957000000000001 
5.073 
4.365 
3.930999999999999 
3.7460000000000004 
3.8599999999999994 
4.351000000000001 
5.839 
7.167 
7.9 
8.377 
8.777000000000001 
9.029 
9.225 
9.435 
9.601 
9.728 
9.856 
9.77 
9.477 
9.294 
9.328 
7.922000000000001 
6.353999999999999 
5.693 
5.489000000000001 
5.313000000000001 
5.121 
5.026999999999999 
5.077 
5.224 
5.835000000000001 
6.426 
6.728999999999999 
7.122999999999999 
7.5120000000000005 
7.916 
8.275 
8.397 
8.258 
8.151 
8.211 
8.292 
8.458 
8.908999999999999 
9.458 
8.664 
6.356 
5.609 
5.128 
4.635 
4.183999999999999 
4.007 
4.145 
4.567 
5.864000000000001 
7.239000000000001 
7.7010000000000005 
8.145 
8.464 
8.86 
9.0 
8.898 
8.783 
8.722999999999999 
8.703 
8.744 
8.765 
8.789 
8.866 
7.199999999999999 
5.1899999999999995 
3.9659999999999993 
3.2249999999999996 
2.5180000000000007 
2.0589999999999993 
1.963000000000001 
2.365 
3.180999999999999 
5.064 
6.644 
7.047000000000001 
7.186 
7.202 
7.199999999999999 
7.422000000000001 
7.877000000000001 
8.388 
8.692 
8.892999999999999 
9.029 
8.89 
8.745 
8.729 
7.574999999999999 
4.811 
3.497 
2.724 
2.3049999999999997 
2.1869999999999994 
2.25 
2.4849999999999994 
3.0999999999999996 
5.135999999999999 
6.537000000000001 
6.656000000000001 
6.952999999999999 
7.26 
7.244 
7.746 
8.342 
8.593 
8.981 
9.213 
9.366 
9.465 
9.602 
9.754 
7.837999999999999 
5.291 
3.837999999999999 
2.843 
1.972999999999999 
1.399000000000001 
1.1969999999999992 
1.3610000000000007 
1.9840000000000018 
3.8819999999999997 
5.65 
6.305999999999999 
6.763999999999999 
7.042 
7.2379999999999995 
7.417999999999999 
7.715999999999999 
8.158 
8.589 
8.96 
9.255 
9.436 
9.544 
9.587 
8.155 
5.316000000000001 
4.132999999999999 
3.6080000000000005 
3.292 
3.1500000000000004 
3.3049999999999997 
3.686 
4.305999999999999 
6.148999999999999 
7.510999999999999 
7.7379999999999995 
7.805 
7.922000000000001 
8.065 
8.033 
7.819000000000001 
7.654999999999999 
7.574 
7.811 
7.765000000000001 
7.718999999999999 
7.814 
8.097999999999999 
8.169 
7.82 
7.813000000000001 
7.535 
7.239000000000001 
6.442 
5.884 
5.6690000000000005 
5.776 
6.7780000000000005 
8.304 
8.607999999999999 
8.829 
8.997 
9.161 
9.298 
9.445 
9.591000000000001 
9.646 
9.571 
9.628 
9.767000000000001 
9.884 
9.868 
7.929 
5.398999999999999 
4.823 
4.356999999999999 
3.587999999999999 
3.045 
2.7910000000000004 
2.83 
3.2119999999999997 
4.470000000000001 
5.704000000000001 
5.897 
6.114000000000001 
6.343 
6.634 
6.99 
7.244 
7.439 
7.433 
7.140000000000001 
6.872999999999999 
6.773999999999999 
6.442 
6.265000000000001 
5.510999999999999 
4.099 
2.997 
2.442 
2.1050000000000004 
2.2219999999999995 
2.426 
2.468 
2.819000000000001 
4.6419999999999995 
6.365 
6.933999999999999 
7.319000000000001 
7.721 
8.087 
8.251 
7.909000000000001 
7.2829999999999995 
7.105 
7.48 
8.149 
8.448 
8.602 
8.847000000000001 
7.026 
4.977 
4.321 
4.191000000000001 
4.41 
4.339 
4.247 
3.888 
4.159000000000001 
5.365 
6.834 
6.871 
6.952999999999999 
7.446 
7.7059999999999995 
7.24 
7.0440000000000005 
7.042999999999999 
6.975 
6.882999999999999 
6.819000000000001 
7.071 
8.088 
8.555 
6.542999999999999 
4.978 
4.281000000000001 
3.958 
3.801 
3.6980000000000004 
3.7360000000000007 
3.8369999999999997 
4.054 
5.32 
7.164 
7.615 
7.9670000000000005 
8.272 
8.564 
8.809 
9.017000000000001 
9.196 
9.391 
9.513 
9.568 
9.618 
9.764 
9.877 
7.744999999999999 
5.550000000000001 
4.619 
3.7349999999999994 
2.904 
2.351000000000001 
2.048 
1.9789999999999992 
2.192 
3.119999999999999 
4.186 
4.645 
5.106 
5.6370000000000005 
6.17 
6.632 
7.084 
7.509 
7.885999999999999 
8.263 
8.568 
8.834 
9.139 
9.464 
8.171 
6.099 
4.695 
3.601000000000001 
2.7929999999999993 
2.2330000000000005 
1.9239999999999995 
2.029 
2.5589999999999993 
4.271000000000001 
6.552 
7.286 
7.879 
8.141 
8.183 
8.227 
8.125 
7.888 
7.789 
8.025 
8.202 
8.355 
8.504 
8.646 
6.412000000000001 
4.311 
3.3930000000000007 
2.683 
2.0909999999999993 
1.6780000000000008 
1.6460000000000008 
1.939 
2.638 
4.302 
6.355 
6.782 
6.907 
6.832000000000001 
6.775 
6.866 
6.859999999999999 
6.8740000000000006 
6.923 
7.004 
7.106999999999999 
7.122999999999999 
7.263 
7.413 
5.821999999999999 
4.521000000000001 
3.603999999999999 
2.9700000000000006 
2.599 
2.2929999999999993 
2.138 
2.212999999999999 
2.6029999999999998 
3.7200000000000006 
4.846 
4.949 
5.1850000000000005 
4.959 
5.087 
5.425000000000001 
5.427 
5.3420000000000005 
5.579000000000001 
5.896000000000001 
5.916 
6.023 
5.996 
6.119999999999999 
5.83 
5.275 
4.3629999999999995 
3.7010000000000005 
3.455 
3.5009999999999994 
3.5500000000000007 
3.7720000000000002 
4.771000000000001 
5.609999999999999 
5.932 
5.9399999999999995 
5.885999999999999 
5.965999999999999 
6.311999999999999 
6.696 
6.981999999999999 
7.223000000000001 
7.359 
7.516 
7.712 
7.898 
8.059 
8.101 
7.484 
6.589 
5.92 
4.925000000000001 
4.420999999999999 
4.239000000000001 
3.8819999999999997 
3.875 
4.119999999999999 
4.683 
6.323 
6.962999999999999 
7.377000000000001 
7.648 
7.8309999999999995 
8.026 
8.181000000000001 
8.369 
8.463 
8.37 
8.391 
8.435 
8.451 
8.197000000000001 
6.83 
5.625 
5.125 
4.926 
4.651999999999999 
4.317 
4.186999999999999 
4.1080000000000005 
4.441000000000001 
5.582000000000001 
7.5329999999999995 
7.917 
8.155 
7.52 
7.154999999999999 
7.159000000000001 
7.289 
7.417999999999999 
7.4079999999999995 
7.651 
7.773 
7.7829999999999995 
8.038 
8.304 
7.1899999999999995 
6.492000000000001 
5.9239999999999995 
5.457000000000001 
5.102 
4.7829999999999995 
4.682 
4.779999999999999 
5.205 
6.071 
7.609 
7.605 
7.470000000000001 
7.699 
7.688000000000001 
7.8629999999999995 
7.914 
8.296 
8.329 
8.23 
8.113 
7.939 
7.866 
7.871 
6.984 
6.163 
5.885999999999999 
5.962 
5.837999999999999 
5.646000000000001 
5.569000000000001 
5.648 
5.929 
6.632 
8.402000000000001 
8.937999999999999 
9.228 
9.389 
9.504 
9.646 
9.732000000000001 
9.754 
9.745 
9.68 
9.568999999999999 
9.44 
9.357000000000001 
9.183 
7.728 
6.0760000000000005 
4.759 
3.8810000000000002 
3.1479999999999997 
2.689 
2.5310000000000006 
2.6850000000000005 
3.221 
4.397 
6.6370000000000005 
7.391 
7.803000000000001 
7.929 
7.5440000000000005 
7.635 
7.882999999999999 
8.191 
8.487 
8.705 
8.808 
8.913 
9.241 
9.445 
7.2170000000000005 
6.01 
5.552 
4.952 
4.202 
3.776 
3.5920000000000005 
3.6980000000000004 
3.7799999999999994 
4.3149999999999995 
5.098000000000001 
5.5649999999999995 
5.693 
5.981999999999999 
6.271000000000001 
6.622999999999999 
6.8100000000000005 
6.978 
7.2669999999999995 
7.577 
7.961 
8.312000000000001 
8.628 
8.767000000000001 
6.6899999999999995 
5.404999999999999 
4.568 
3.8870000000000005 
3.176 
2.5969999999999995 
2.391 
2.4930000000000003 
2.8900000000000006 
3.891 
5.853 
6.324 
6.5920000000000005 
6.859 
7.234 
7.319000000000001 
7.401 
7.433999999999999 
7.5760000000000005 
7.622 
6.859999999999999 
6.484 
6.849 
7.321999999999999 
6.599 
5.577 
5.416 
5.640000000000001 
5.938000000000001 
6.101000000000001 
5.993 
5.8309999999999995 
5.776999999999999 
6.188000000000001 
6.853 
7.291 
7.417 
7.487 
7.641 
7.8629999999999995 
8.017999999999999 
8.117 
8.166 
8.192 
8.101 
7.977 
7.917999999999999 
7.895 
7.457000000000001 
6.882 
6.401 
6.042999999999999 
5.465999999999999 
4.760999999999999 
4.680999999999999 
4.829000000000001 
5.064 
5.545999999999999 
6.553000000000001 
6.760999999999999 
7.025 
7.2010000000000005 
7.84 
8.322000000000001 
8.118 
7.8759999999999994 
7.7940000000000005 
7.731 
7.5809999999999995 
7.601000000000001 
7.644 
7.632 
7.366 
7.140000000000001 
6.827 
6.561999999999999 
6.43 
6.353999999999999 
6.394 
6.459 
6.598000000000001 
6.948 
7.457000000000001 
7.9030000000000005 
8.066 
8.484 
8.927999999999999 
9.267999999999999 
9.519 
9.691 
9.825 
9.964 
10.097999999999999 
10.227 
10.309999999999999 
10.2 
8.794 
8.094 
7.416 
6.414 
5.2509999999999994 
4.7330000000000005 
4.504 
4.535 
4.8309999999999995 
5.289999999999999 
6.122 
6.614000000000001 
7.071 
7.503 
7.885 
8.151 
8.234 
8.273 
8.219 
8.311 
8.712 
9.261000000000001 
9.697000000000001 
9.823 
7.742000000000001 
6.416 
5.898999999999999 
5.0649999999999995 
4.4990000000000006 
4.178000000000001 
4.010999999999999 
3.9450000000000003 
4.029999999999999 
4.773 
6.954000000000001 
7.680999999999999 
8.146 
8.545 
8.905 
9.187999999999999 
9.347000000000001 
9.414 
9.445 
9.439 
9.4 
9.341000000000001 
9.392999999999999 
9.22 
5.968999999999999 
3.9659999999999993 
2.9299999999999997 
2.0540000000000003 
1.3599999999999994 
1.024000000000001 
1.1950000000000003 
1.7199999999999989 
2.539999999999999 
3.776 
5.861000000000001 
6.526999999999999 
6.503 
6.5809999999999995 
6.776 
7.005000000000001 
7.2669999999999995 
7.539 
7.760999999999999 
7.784000000000001 
7.928000000000001 
8.168 
8.484 
8.365 
6.18 
5.2780000000000005 
4.507999999999999 
3.648999999999999 
2.9830000000000005 
2.678000000000001 
2.742000000000001 
3.0389999999999997 
3.519 
4.369 
6.324999999999999 
7.2059999999999995 
7.786 
8.263 
8.664 
8.998 
9.149 
9.092 
9.052 
9.071 
9.052999999999999 
8.943999999999999 
8.934 
8.826 
7.1579999999999995 
5.978 
5.131 
4.388 
3.7110000000000003 
3.4090000000000007 
3.3019999999999996 
3.378 
3.625 
4.1259999999999994 
5.2379999999999995 
5.757999999999999 
6.146000000000001 
6.4990000000000006 
6.824 
7.188000000000001 
7.504 
7.7379999999999995 
7.957000000000001 
8.19 
8.395 
8.587 
8.76 
8.729 
7.196999999999999 
5.975 
5.484 
4.98 
4.398 
4.061 
3.949 
4.0009999999999994 
4.301 
4.682 
5.366 
5.824 
6.07 
6.3260000000000005 
6.670999999999999 
7.054 
7.336 
7.541 
7.773999999999999 
8.058 
8.416 
8.846 
9.301 
9.369 
7.047000000000001 
5.833 
5.191000000000001 
4.4670000000000005 
3.8480000000000008 
3.718 
3.819000000000001 
3.8979999999999997 
4.095000000000001 
4.606999999999999 
5.9399999999999995 
6.849 
7.4559999999999995 
7.801 
8.002 
8.03 
7.993 
7.960000000000001 
7.964 
7.946 
7.962999999999999 
7.927 
8.109 
8.131 
6.215 
5.134 
4.635 
4.154 
3.692 
3.3810000000000002 
3.183 
3.1750000000000007 
3.3870000000000005 
3.9369999999999994 
5.757 
6.571999999999999 
7.1129999999999995 
7.569000000000001 
7.936 
8.174 
8.176 
8.005 
7.894 
7.726000000000001 
7.704000000000001 
8.067 
7.975 
7.584 
6.127000000000001 
5.095000000000001 
4.457000000000001 
3.9459999999999997 
3.5060000000000002 
3.2300000000000004 
3.138 
3.289999999999999 
3.692 
4.367000000000001 
5.295999999999999 
5.644 
5.712 
5.715 
5.474 
5.397 
5.303000000000001 
5.336 
5.443 
5.569000000000001 
5.715999999999999 
6.489000000000001 
7.429 
7.1240000000000006 
4.632 
2.9960000000000004 
2.208 
1.9720000000000013 
2.1189999999999998 
2.2119999999999997 
2.4220000000000006 
2.859 
3.5009999999999994 
4.327 
5.821999999999999 
6.574999999999999 
6.836 
6.888 
6.832000000000001 
6.736000000000001 
6.515000000000001 
6.487 
6.91 
7.221 
7.523 
7.7219999999999995 
7.523999999999999 
6.882999999999999 
5.48 
4.654 
4.196999999999999 
3.609 
3.1020000000000003 
2.882999999999999 
2.721 
3.013 
3.5039999999999996 
4.476000000000001 
6.192 
6.944000000000001 
7.332000000000001 
7.707000000000001 
8.071 
8.433 
8.892000000000001 
9.443 
9.999 
10.451 
10.478 
10.586 
10.924 
10.824 
9.916 
9.105 
8.609 
8.029 
7.529 
7.298 
7.121 
7.132999999999999 
7.461 
8.229 
10.272 
11.242999999999999 
11.829 
12.396 
12.943999999999999 
13.402999999999999 
13.687000000000001 
13.713000000000001 
13.607 
13.477 
13.343 
13.225999999999999 
13.329 
12.870000000000001 
9.214 
7.298 
6.202999999999999 
5.223000000000001 
4.444000000000001 
3.99 
3.7639999999999993 
3.724 
4.061999999999999 
4.994 
7.048 
7.695 
7.952999999999999 
8.201 
8.436 
8.305 
7.646000000000001 
7.460000000000001 
7.478 
7.553000000000001 
7.677 
7.865 
7.944000000000001 
7.683 
5.85 
4.837999999999999 
4.1579999999999995 
3.6720000000000006 
3.3480000000000008 
3.42 
3.5069999999999997 
3.4879999999999995 
3.548 
3.974 
5.236000000000001 
6.109999999999999 
6.859999999999999 
7.365 
7.775 
7.942 
7.965999999999999 
7.909000000000001 
7.82 
7.737 
7.714 
7.635 
7.5329999999999995 
7.161 
5.896000000000001 
5.364000000000001 
5.2829999999999995 
5.208 
5.140000000000001 
5.164 
5.323 
5.484999999999999 
5.641 
5.932 
6.359999999999999 
6.5809999999999995 
6.901999999999999 
7.3870000000000005 
7.771000000000001 
8.011000000000001 
8.174 
8.387 
8.587 
8.717 
8.702 
8.589 
8.545 
8.258 
6.9399999999999995 
5.853 
4.593 
3.766 
2.9909999999999997 
2.6080000000000005 
2.505000000000001 
2.6449999999999996 
3.1790000000000003 
3.8979999999999997 
5.538 
6.449999999999999 
6.936999999999999 
7.397 
7.916 
8.374 
8.654 
8.866 
9.031 
9.128 
9.174 
9.198 
9.31 
9.021 
6.789999999999999 
5.617000000000001 
4.696 
3.8499999999999996 
3.0470000000000006 
2.6159999999999997 
2.5069999999999997 
2.632999999999999 
2.912000000000001 
3.3369999999999997 
4.839 
5.814 
6.279 
6.523 
6.728 
6.949999999999999 
7.254 
7.504 
7.676 
7.862 
8.164 
8.427999999999999 
8.717 
8.658999999999999 
6.545 
4.856999999999999 
3.6799999999999997 
2.7409999999999997 
2.023999999999999 
1.654 
1.7639999999999993 
2.2319999999999993 
3.007999999999999 
4.138999999999999 
5.9719999999999995 
6.840999999999999 
7.247999999999999 
8.086 
8.509 
8.515 
8.523 
8.426 
8.302 
7.891 
7.898999999999999 
7.897 
7.6129999999999995 
6.58 
4.9239999999999995 
3.726000000000001 
2.5380000000000003 
1.4909999999999997 
0.7699999999999996 
0.4009999999999998 
0.33399999999999963 
0.5090000000000003 
0.9540000000000006 
1.8339999999999996 
4.122999999999999 
5.529 
6.24 
6.798 
7.2669999999999995 
7.731999999999999 
8.232000000000001 
8.729 
9.142999999999999 
9.291 
9.154 
8.815 
8.7 
8.362 
5.904999999999999 
4.356999999999999 
3.3480000000000008 
2.5869999999999997 
1.7940000000000005 
1.0650000000000013 
0.4269999999999996 
0.010000000000001563 
0 
0.5159999999999982 
2.4860000000000007 
3.936 
4.827 
5.226000000000001 
5.497999999999999 
5.724 
5.914 
6.151 
6.534000000000001 
7.093 
7.632 
8.01 
8.371 
7.997999999999999 
5.869 
4.323 
2.5589999999999993 
1.0390000000000015 
0.006000000000000227 
0 
0 
0 
0 
0.7920000000000016 
2.9830000000000005 
4.489000000000001 
5.297000000000001 
5.968 
6.255000000000001 
6.542999999999999 
6.832000000000001 
7.132 
7.566000000000001 
7.867000000000001 
8.017999999999999 
8.123 
8.271 
7.539999999999999 
6.074 
4.912000000000001 
3.6519999999999992 
2.5199999999999996 
1.597999999999999 
1.0479999999999983 
0.9780000000000015 
1.3599999999999994 
2.013 
2.9540000000000006 
4.617000000000001 
5.696 
6.176 
6.443 
6.58 
6.715999999999999 
6.92 
7.163 
7.359999999999999 
7.539999999999999 
7.611000000000001 
7.542999999999999 
7.491 
7.026 
4.942 
3.542 
2.1690000000000005 
0.8889999999999993 
0 
0 
0 
0 
0.08200000000000074 
1.0990000000000002 
3.378 
4.853999999999999 
5.442 
5.991 
6.586 
7.023 
7.303000000000001 
7.474 
7.515000000000001 
7.521000000000001 
7.66 
7.789999999999999 
8.013 
7.5329999999999995 
5.198 
4.167 
3.9290000000000003 
2.2040000000000006 
0 
0 
0 
0.4089999999999989 
1.1499999999999986 
1.9160000000000004 
2.8740000000000006 
3.3870000000000005 
4.013 
5.1850000000000005 
5.728 
6.138999999999999 
6.304 
6.0120000000000005 
5.696999999999999 
5.789999999999999 
5.7170000000000005 
6.58 
7.208 
6.577 
5.038 
3.109 
1.532 
0.5399999999999991 
0 
0 
0 
0 
0.5710000000000015 
1.565999999999999 
3.244999999999999 
5.164999999999999 
7.176 
8.191 
7.691000000000001 
7.406000000000001 
7.801 
8.019 
8.039 
8.135 
8.42 
8.849 
8.98 
8.038 
6.606999999999999 
5.516 
4.183 
3.1579999999999995 
2.2620000000000005 
1.564 
1.152000000000001 
0.8730000000000011 
0.8180000000000014 
1.1920000000000002 
3.1959999999999997 
4.744999999999999 
5.4079999999999995 
5.960000000000001 
6.334 
6.355 
6.539 
6.944000000000001 
7.390000000000001 
7.688000000000001 
7.920999999999999 
7.839 
7.484 
6.638 
5.396000000000001 
4.385 
3.3290000000000006 
2.7189999999999994 
2.218 
2.1519999999999992 
2.6560000000000006 
3.872 
4.333 
4.1240000000000006 
4.9239999999999995 
5.664999999999999 
6.279 
6.715 
7.223000000000001 
7.228 
7.246 
6.996 
7.064 
7.287000000000001 
7.473000000000001 
7.406000000000001 
7.302 
7.355 
6.813000000000001 
6.648 
6.316000000000001 
5.898 
5.416 
5.041 
4.714 
4.555 
4.759 
5.333 
6.5009999999999994 
7.478999999999999 
7.704000000000001 
7.741 
7.744999999999999 
7.772 
7.906000000000001 
8.08 
8.222999999999999 
8.361 
8.655 
8.971 
9.262 
7.692 
4.6259999999999994 
3.242000000000001 
1.9899999999999984 
0.9869999999999983 
0.16400000000000148 
0 
0 
0 
0.09799999999999898 
1.0199999999999996 
3.305999999999999 
4.968999999999999 
5.589 
6.099 
6.505000000000001 
6.890000000000001 
7.234999999999999 
7.547000000000001 
7.83 
7.945 
7.877000000000001 
7.609 
7.134 
5.545 
2.9640000000000004 
1.4200000000000017 
0 
0 
0 
0 
0 
0 
0 
0 
1.1849999999999987 
3.3209999999999997 
4.334 
5.074 
5.24 
5.246 
5.422000000000001 
5.683 
5.959 
6.196999999999999 
6.398 
6.566000000000001 
6.818 
5.651 
4.254 
3.0229999999999997 
1.4559999999999995 
0.2699999999999996 
0 
0 
0 
0 
0 
0 
0.7519999999999989 
2.5229999999999997 
3.593 
4.2620000000000005 
4.462 
4.856 
5.220000000000001 
5.548 
5.808 
6.010999999999999 
6.147 
6.3759999999999994 
6.691000000000001 
5.705 
3.6630000000000003 
2.005000000000001 
0.7070000000000007 
0 
0 
0 
0 
0 
0 
0 
0.14199999999999946 
1.5130000000000017 
2.3130000000000006 
3.115 
3.8970000000000002 
4.666 
5.276999999999999 
5.632999999999999 
5.901999999999999 
6.118 
6.148 
6.09 
6.215999999999999 
5.029999999999999 
2.9000000000000004 
1.282 
0.05099999999999838 
0 
0 
0 
0 
0 
0 
0 
0.07499999999999929 
1.7109999999999985 
2.587999999999999 
3.4800000000000004 
4.377000000000001 
5.114000000000001 
5.586 
5.885999999999999 
6.141 
6.401 
6.647 
6.814 
6.930999999999999 
5.52 
3.039999999999999 
1.0509999999999984 
0 
0 
0 
0 
0 
0 
0 
0 
0 
0.5760000000000005 
1.0539999999999985 
1.4890000000000008 
1.9579999999999984 
2.398999999999999 
3.067 
4.0920000000000005 
5.167 
6.042 
6.622999999999999 
6.965 
7.1899999999999995 
5.8420000000000005 
3.382999999999999 
1.2029999999999994 
0 
0 
0 
0 
0 
0 
0 
0 
0.11899999999999977 
2.1359999999999992 
3.271000000000001 
4.209 
5.0440000000000005 
5.736000000000001 
6.183 
6.380000000000001 
6.465 
6.555 
6.8260000000000005 
7.218999999999999 
7.734999999999999 
6.614000000000001 
5.439 
4.696999999999999 
3.7319999999999993 
2.9779999999999998 
2.5549999999999997 
2.1590000000000007 
1.9160000000000004 
1.8790000000000013 
2.1180000000000003 
2.7509999999999994 
4.590999999999999 
6.417999999999999 
7.066000000000001 
7.772 
8.595 
9.449 
10.025 
10.301 
10.677 
11.047 
11.282 
11.463 
11.669 
9.568999999999999 
7.372 
6.191000000000001 
5.144 
4.304 
3.632999999999999 
3.183 
2.942 
2.8369999999999997 
3.0199999999999996 
3.694000000000001 
5.587 
7.539999999999999 
8.164 
8.597999999999999 
8.901 
9.149 
9.424 
9.741 
10.053999999999998 
10.302 
10.396 
10.35 
10.318 
8.53 
6.086 
4.436 
2.984 
1.9050000000000011 
1.0579999999999998 
0.46300000000000097 
0.19399999999999906 
0.3569999999999993 
0.8780000000000001 
1.843 
3.0229999999999997 
3.891 
4.821 
5.769 
6.2989999999999995 
6.382999999999999 
6.444000000000001 
6.5329999999999995 
6.632999999999999 
6.7330000000000005 
6.775 
6.875 
7.053000000000001 
5.834 
4.324999999999999 
3.9570000000000007 
3.8019999999999996 
3.5150000000000006 
2.766 
1.7970000000000006 
1.1630000000000003 
0.9830000000000005 
1.1149999999999984 
1.524000000000001 
3.1359999999999992 
5.058 
5.542 
5.7989999999999995 
6.1240000000000006 
6.443 
6.691000000000001 
6.855 
7.228 
7.6240000000000006 
7.861000000000001 
8.005 
8.089 
5.981 
4.036 
2.907 
2.058 
1.875 
1.8739999999999988 
1.7899999999999991 
1.7409999999999997 
1.9989999999999988 
2.4399999999999995 
2.9540000000000006 
3.8149999999999995 
4.645 
4.912000000000001 
5.148 
5.327999999999999 
5.5809999999999995 
6.035 
6.356 
6.327 
6.537000000000001 
6.936 
7.036 
7.266 
6.693 
5.178000000000001 
3.7889999999999997 
2.593 
2.067 
2.0679999999999996 
2.202 
1.7880000000000003 
1.3320000000000007 
1.3850000000000016 
2.210000000000001 
3.6099999999999994 
4.839 
5.382 
5.667 
5.811 
5.834 
5.994999999999999 
6.212 
6.369 
6.455 
6.004 
5.4670000000000005 
5.535 
5.2669999999999995 
4.551 
4.045 
3.7829999999999995 
3.5169999999999995 
3.4540000000000006 
3.8390000000000004 
4.285 
4.536 
4.712 
4.996 
5.272 
5.380000000000001 
5.41 
5.590999999999999 
5.962999999999999 
6.3629999999999995 
6.667999999999999 
6.683999999999999 
6.731999999999999 
6.715 
6.9719999999999995 
7.140000000000001 
7.311999999999999 
6.792 
6.239000000000001 
5.98 
5.779999999999999 
5.478999999999999 
4.968999999999999 
4.776999999999999 
4.519 
4.34 
4.239000000000001 
4.032 
4.617000000000001 
5.628 
6.227 
6.795999999999999 
7.305999999999999 
7.772 
7.917 
7.898999999999999 
7.9190000000000005 
7.891 
7.868 
7.901999999999999 
7.941000000000001 
6.507999999999999 
5.119 
4.484 
3.728999999999999 
2.9890000000000008 
2.6500000000000004 
2.6069999999999993 
2.664999999999999 
2.6820000000000004 
2.819000000000001 
3.2910000000000004 
4.254 
5.784000000000001 
6.484999999999999 
6.898 
6.964 
6.856 
6.814 
6.840999999999999 
6.849 
6.862 
7.083 
7.0760000000000005 
7.0809999999999995 
5.795 
5.026999999999999 
4.368 
3.295 
2.4700000000000006 
1.782 
1.3039999999999985 
1.157 
1.154 
1.3150000000000013 
1.6409999999999982 
2.289999999999999 
3.359 
3.939 
4.394 
4.787000000000001 
5.162000000000001 
5.5329999999999995 
5.898999999999999 
6.279999999999999 
6.661 
7.037000000000001 
7.3260000000000005 
7.4190000000000005 
6.302 
5.073 
4.323 
3.5470000000000006 
2.6240000000000006 
1.8339999999999996 
1.2289999999999992 
0.8880000000000017 
0.8030000000000008 
0.9130000000000003 
1.193999999999999 
1.9220000000000006 
3.3320000000000007 
4.1579999999999995 
4.897 
5.532 
6.013999999999999 
6.300000000000001 
6.461 
6.6259999999999994 
6.8469999999999995 
7.111000000000001 
7.311 
7.298 
5.712 
4.8759999999999994 
3.7140000000000004 
2.3629999999999995 
1.4909999999999997 
0.9239999999999995 
0.504999999999999 
0.28600000000000136 
0.3500000000000014 
0.5829999999999984 
1.0850000000000009 
2.0730000000000004 
3.555999999999999 
4.082000000000001 
4.502000000000001 
4.823 
4.997999999999999 
5.231 
5.545 
5.808 
6.0329999999999995 
6.239000000000001 
6.4030000000000005 
6.430999999999999 
4.7509999999999994 
3.4719999999999995 
2.1660000000000004 
1.1499999999999986 
0.45700000000000074 
0 
0 
0 
0 
0 
0 
0.7469999999999999 
1.8960000000000008 
2.7170000000000005 
3.6929999999999996 
3.712999999999999 
3.8209999999999997 
4.478999999999999 
4.776999999999999 
5.0280000000000005 
5.365 
5.865 
6.284000000000001 
6.268000000000001 
5.212999999999999 
3.9570000000000007 
2.757999999999999 
1.5459999999999994 
1.225999999999999 
1.4160000000000004 
1.7020000000000017 
2.2059999999999995 
2.3469999999999995 
1.5150000000000006 
1.5249999999999986 
2.3689999999999998 
3.4749999999999996 
3.8249999999999993 
4.004 
4.353 
4.725 
5.247999999999999 
5.654999999999999 
5.523999999999999 
5.381 
5.446999999999999 
5.388999999999999 
5.2620000000000005 
3.6080000000000005 
2.412000000000001 
1.1140000000000008 
0 
0 
0 
0 
0 
0 
0 
0 
0 
2.1289999999999996 
3.117000000000001 
3.8420000000000005 
4.303000000000001 
4.51 
4.484 
4.449 
4.628 
4.913 
5.154 
5.114000000000001 
4.971 
3.382999999999999 
1.6350000000000016 
0 
0 
0 
0 
0 
0 
0 
0 
0 
0 
0 
0.7880000000000003 
1.6110000000000007 
2.4160000000000004 
3.1419999999999995 
3.5169999999999995 
3.442 
3.5779999999999994 
4.353 
5.49 
6.098000000000001 
6.225 
3.958 
2.458 
1.2049999999999983 
0.11899999999999977 
0 
0 
0 
0 
0 
0 
0.7600000000000016 
2.4060000000000006 
4.18 
4.8759999999999994 
5.398 
5.855 
6.255000000000001 
6.394 
6.287000000000001 
6.337999999999999 
6.615 
6.787000000000001 
6.893000000000001 
6.8469999999999995 
4.523 
3.4239999999999995 
2.5660000000000007 
1.593 
0.7850000000000001 
0.2680000000000007 
0 
0.007999999999999119 
0.26099999999999923 
0.7360000000000007 
1.5 
2.6579999999999995 
4.384 
5.0280000000000005 
5.445 
5.789999999999999 
6.1 
6.378 
6.662000000000001 
6.909000000000001 
7.087 
7.121 
6.992000000000001 
6.791 
4.731999999999999 
3.6080000000000005 
2.865 
1.9430000000000014 
1.2300000000000004 
0.36299999999999955 
0 
0 
0 
0 
0 
1.0569999999999986 
3.2029999999999994 
4.074999999999999 
4.678000000000001 
4.855 
4.782 
5.0280000000000005 
5.372999999999999 
5.724 
6.138999999999999 
6.519 
6.65 
6.606999999999999 
4.791 
3.0069999999999997 
1.3230000000000004 
0.13899999999999935 
0 
0 
0 
0 
0 
0 
0 
0 
0.9699999999999989 
2.5809999999999995 
3.7059999999999995 
4.593999999999999 
5.225 
5.449 
5.43 
5.449 
5.709 
5.939 
6.042 
6.303000000000001 
4.333 
2.3100000000000005 
0 
0 
0 
0 
0 
0 
0 
0 
0 
0 
1.4450000000000003 
2.2189999999999994 
2.928000000000001 
3.162000000000001 
3.3840000000000003 
3.683 
3.577 
3.3889999999999993 
3.4000000000000004 
3.6270000000000007 
4.125 
4.367000000000001 
2.218 
0.7639999999999993 
0 
0 
0 
0 
0 
0 
0 
0 
0 
1.2300000000000004 
2.7270000000000003 
3.545 
4.143000000000001 
4.2940000000000005 
4.103 
4.332000000000001 
4.427 
4.632 
5.601000000000001 
5.663 
5.496 
5.452999999999999 
3.6679999999999993 
2.8659999999999997 
2.407 
2.1869999999999994 
1.8909999999999982 
1.5079999999999991 
1.279 
1.471 
1.6239999999999988 
1.6660000000000004 
2.0890000000000004 
2.976000000000001 
4.352 
4.962999999999999 
5.477 
5.904999999999999 
6.223000000000001 
6.308 
5.865 
5.763 
5.728 
5.776999999999999 
5.785 
5.753 
4.33 
3.689 
3.755000000000001 
3.9939999999999998 
3.946999999999999 
3.327 
3.0440000000000005 
3.2590000000000003 
3.6560000000000006 
4.148999999999999 
4.426 
4.769 
5.779 
6.178000000000001 
6.618 
6.955 
7.194000000000001 
7.422000000000001 
7.666 
7.856 
8.001 
8.128 
8.253 
7.875 
4.720000000000001 
3.269 
2.1099999999999994 
1.0740000000000016 
0.17599999999999838 
0 
0 
0 
0 
0 
0.6849999999999987 
1.7920000000000016 
3.8930000000000007 
4.765000000000001 
5.300000000000001 
5.804 
6.281000000000001 
6.708 
7.058999999999999 
7.143000000000001 
6.949999999999999 
6.7620000000000005 
6.795999999999999 
7.023 
5.364000000000001 
3.7970000000000006 
2.539999999999999 
1.4299999999999997 
0.6099999999999994 
0 
0 
0 
0 
0 
0.4989999999999988 
1.2630000000000017 
2.135 
2.638 
3.0909999999999993 
3.535 
3.737 
4.220000000000001 
4.800000000000001 
5.35 
5.699999999999999 
6.02 
6.304 
6.276 
4.896000000000001 
3.9939999999999998 
3.4819999999999993 
3.1099999999999994 
2.6449999999999996 
2.215 
1.9469999999999992 
1.7630000000000017 
1.6969999999999992 
1.7800000000000011 
2.0630000000000006 
2.7799999999999994 
4.615 
5.474 
6.021000000000001 
6.385 
6.696 
7.026999999999999 
7.327 
7.547000000000001 
7.599 
7.364000000000001 
6.941000000000001 
6.385999999999999 
4.747999999999999 
3.795 
3.1110000000000007 
2.141 
1.2409999999999997 
0.652000000000001 
0.2959999999999994 
0.2010000000000005 
0.4059999999999988 
0.8719999999999999 
1.7040000000000006 
3.112 
5.3420000000000005 
6.026 
6.308999999999999 
6.683999999999999 
7.112 
7.193 
7.609999999999999 
8.184 
8.809 
9.433 
9.788 
9.533999999999999 
7.275 
6.259 
5.699 
5.0120000000000005 
4.242000000000001 
3.571999999999999 
2.9160000000000004 
2.4399999999999995 
2.2829999999999995 
2.4730000000000008 
2.8740000000000006 
3.7230000000000008 
5.67 
6.348000000000001 
6.6899999999999995 
7.121 
7.587999999999999 
7.952 
8.17 
8.288 
8.436 
8.547 
8.658 
8.205 
4.923 
3.3680000000000003 
2.444000000000001 
1.6189999999999998 
0.9660000000000011 
0.4289999999999985 
0.0019999999999988916 
0 
0 
0.03900000000000148 
0.5609999999999999 
1.6400000000000006 
4.297000000000001 
5.481999999999999 
6.215 
6.776 
7.143000000000001 
7.380000000000001 
7.568 
7.82 
8.081 
8.265 
8.363 
7.928000000000001 
4.911 
3.023999999999999 
1.6829999999999998 
0.5549999999999997 
0 
0 
0 
0 
0 
0 
0 
0 
2.2119999999999997 
3.3770000000000007 
4.288 
5.034000000000001 
5.627000000000001 
6.023 
6.068 
6.095000000000001 
6.411 
6.574999999999999 
6.381 
5.840999999999999 
3.891 
2.096 
0.3039999999999985 
0 
0 
0 
0 
0 
0 
0 
0 
0 
0.9370000000000012 
2.1020000000000003 
2.599 
2.8979999999999997 
3.1590000000000007 
3.3000000000000007 
3.253 
3.2270000000000003 
3.41 
3.662000000000001 
3.7520000000000007 
3.561 
1.3840000000000003 
0 
0 
0 
0 
0 
0 
0 
0 
0 
0 
0 
0 
0 
0 
0.7319999999999993 
1.564 
2.2189999999999994 
2.585000000000001 
2.724 
2.7270000000000003 
2.673 
2.5229999999999997 
1.995000000000001 
0.25700000000000145 
0 
0 
0 
0 
0 
0 
0 
0 
0 
0 
0 
0 
0 
0 
0.245000000000001 
0.9699999999999989 
1.4810000000000016 
1.902000000000001 
2.2110000000000003 
2.5120000000000005 
2.7889999999999997 
2.99 
2.712999999999999 
1.8150000000000013 
0.6219999999999999 
0 
0 
0 
0 
0 
0 
0 
0 
0 
0 
0 
0 
0.11799999999999855 
0.5640000000000001 
0.8279999999999994 
0.9349999999999987 
1.0199999999999996 
1.2199999999999989 
1.4009999999999998 
1.5650000000000013 
1.6819999999999986 
1.6340000000000003 
0.13200000000000145 
0 
0 
0 
0 
0 
0 
0 
0 
0 
0 
0 
0 
0 
0 
0 
0.036999999999999034 
0.2989999999999995 
0.22800000000000153 
0.4400000000000013 
0.7390000000000008 
1.0159999999999982 
1.2959999999999994 
1.2169999999999987 
0 
0 
0 
0 
0 
0 
0 
0 
0 
0 
0 
0 
0 
0 
0 
0 
0.04200000000000159 
0.9370000000000012 
1.5210000000000008 
1.939 
2.2620000000000005 
2.5020000000000007 
2.6129999999999995 
2.1159999999999997 
0 
0 
0 
0 
0 
0 
0 
0 
0 
0 
0 
0 
0 
0 
0 
0.45200000000000173 
1.1359999999999992 
1.657 
2.0229999999999997 
2.234 
2.3130000000000006 
2.2569999999999997 
2.069000000000001 
1.5899999999999999 
0 
0 
0 
0 
0 
0 
0 
0 
0 
0 
0 
0 
0 
0 
0 
0 
0 
0 
0 
0.6999999999999993 
1.4890000000000008 
2.096 
2.676 
2.106 
0.2049999999999983 
0 
0 
0 
0 
0 
0 
0 
0 
0 
0 
0 
0 
0.3500000000000014 
1.1950000000000003 
1.8329999999999984 
2.4290000000000003 
2.936 
3.414999999999999 
3.9979999999999993 
4.584 
4.927 
5.199 
4.4559999999999995 
2.146000000000001 
0.6149999999999984 
0 
0 
0 
0 
0 
0 
0 
0 
0 
0 
0.5040000000000013 
1.6090000000000018 
2.3130000000000006 
2.8599999999999994 
3.1609999999999996 
3.426 
3.6400000000000006 
3.846 
4.125 
4.42 
4.763999999999999 
3.952 
1.4250000000000007 
0 
0 
0 
0 
0 
0 
0 
0 
0 
0 
0 
0 
0.902000000000001 
1.7630000000000017 
2.2279999999999998 
2.878 
3.3930000000000007 
3.6110000000000007 
3.494999999999999 
3.154 
2.5199999999999996 
2.755000000000001 
3.115 
1.9289999999999985 
0.6239999999999988 
0 
0 
0 
0 
0 
0 
0 
0 
0 
0 
0 
0.23300000000000054 
0.8539999999999992 
1.3210000000000015 
1.6750000000000007 
1.9420000000000002 
2.0630000000000006 
2.224 
2.4909999999999997 
2.6289999999999996 
2.696999999999999 
1.843 
0 
0 
0 
0 
0 
0 
0 
0 
0 
0 
0 
0 
0 
0 
0.4220000000000006 
0.9830000000000005 
1.4570000000000007 
1.7590000000000003 
1.8859999999999992 
2.1820000000000004 
2.571999999999999 
3.2409999999999997 
3.9540000000000006 
3.3900000000000006 
1.4830000000000005 
0 
0 
0 
0 
0 
0 
0 
0 
0 
0 
0 
1.0090000000000003 
2.0269999999999992 
2.583 
3.1210000000000004 
3.6430000000000007 
4.054 
4.388999999999999 
4.619 
4.805999999999999 
4.9559999999999995 
5.141 
4.085000000000001 
2.162000000000001 
1.2079999999999984 
0.08399999999999963 
0 
0 
0 
0 
0 
0 
0 
0 
0.39399999999999835 
1.8810000000000002 
2.814 
3.3900000000000006 
3.878 
4.324999999999999 
4.691000000000001 
5.009 
5.2780000000000005 
5.4670000000000005 
5.634 
5.7330000000000005 
5.0329999999999995 
3.305999999999999 
1.7579999999999991 
0.2740000000000009 
0 
0 
0 
0 
0 
0 
0 
0 
0 
0 
1.3129999999999988 
2.1189999999999998 
2.513 
2.7249999999999996 
2.942 
3.728999999999999 
4.394 
4.772 
4.965999999999999 
4.861000000000001 
3.8629999999999995 
2.1899999999999995 
0.9319999999999986 
0 
0 
0 
0 
0 
0 
0 
0 
0 
0 
0.31700000000000017 
1.436 
2.0589999999999993 
2.4299999999999997 
2.646000000000001 
2.8200000000000003 
2.987 
3.1359999999999992 
3.4250000000000007 
3.5410000000000004 
3.5440000000000005 
3.2330000000000005 
2.3390000000000004 
1.1999999999999993 
0 
0 
0 
0 
0 
0 
0 
0 
0 
0 
0 
0 
0.06899999999999906 
0.8019999999999996 
1.4840000000000018 
1.9920000000000009 
2.3859999999999992 
2.773999999999999 
3.1340000000000003 
3.4849999999999994 
3.715 
2.705 
0.5650000000000013 
0 
0 
0 
0 
0 
0 
0 
0 
0 
0 
0 
0 
0 
0 
0 
0 
0 
0 
0 
0.05699999999999861 
0.722999999999999 
1.2369999999999983 
0.4609999999999985 
0 
0 
0 
0 
0 
0 
0 
0 
0 
0 
0 
0 
0 
0 
0 
0 
0 
0 
0 
0.38899999999999935 
0.690999999999999 
0.9439999999999991 
1.1900000000000013 
0.05900000000000105 
0 
0 
0 
0 
0 
0 
0 
0 
0 
0 
0 
0 
0 
0 
0 
0 
0 
0 
0 
0 
0 
0 
0 
0 
0 
0 
0 
0 
0 
0 
0 
0 
0 
0 
0 
0 
0 
0 
0 
0 
0 
0 
0 
0 
0 
0 
0 
0 
0 
0 
0 
0 
0 
0 
0 
0 
0 
0 
0 
0 
0 
0 
0 
0 
0 
0 
0 
0 
0 
0 
0 
0 
0 
0 
0 
0 
0 
0 
0 
0 
0 
0 
0 
0 
0 
0 
0 
0 
0.13100000000000023 
0.6479999999999997 
1.2630000000000017 
1.8999999999999986 
2.3889999999999993 
2.792 
2.99 
1.5839999999999996 
0 
0 
0 
0 
0 
0 
0 
0 
0 
0 
0 
0 
0 
0 
0.12600000000000122 
0.6179999999999986 
1.068999999999999 
1.4609999999999985 
1.8309999999999995 
2.122 
2.3260000000000005 
2.4830000000000005 
2.6099999999999994 
1.186 
0 
0 
0 
0 
0 
0 
0 
0 
0 
0 
0 
0 
0 
0 
0 
0 
0 
0 
0 
0 
0.019999999999999574 
0.4059999999999988 
0.6690000000000005 
0 
0 
0 
0 
0 
0 
0 
0 
0 
0 
0 
0 
0 
0 
0 
0 
0 
0 
0 
0 
0 
0 
0 
0 
0 
0 
0 
0 
0 
0 
0 
0 
0 
0 
0 
0 
0 
0 
0 
0 
0 
0 
0 
0 
0 
0 
0 
0 
0 
0 
0 
0 
0 
0 
0 
0 
0 
0 
0 
0 
0 
0 
0 
0 
0 
0 
0 
0 
0 
0 
0 
0 
0 
0 
0 
0 
0 
0 
0 
0 
0 
0 
0 
0 
0 
0 
0 
0 
0 
0 
0 
0 
0 
0 
0 
0 
0 
0 
0 
0 
0 
0 
0 
0 
0 
0 
0 
0 
0 
0 
0 
0 
0 
0 
0 
0 
0 
0 
0.48499999999999943 
0.9989999999999988 
0.10900000000000176 
0 
0 
0 
0 
0 
0 
0 
0 
0 
0 
0 
0 
0 
0 
0 
0 
0.4220000000000006 
0.657 
0.7519999999999989 
1.2689999999999984 
1.6430000000000007 
1.9140000000000015 
2.132999999999999 
0.6009999999999991 
0 
0 
0 
0 
0 
0 
0 
0 
0 
0 
0 
0 
0 
0 
0 
0 
0 
0 
0 
0 
0 
0 
0 
0 
0 
0 
0 
0 
0 
0 
0 
0 
0 
0 
0 
0 
0 
0 
0 
0 
0 
0 
0 
0 
0 
0 
0 
0 
0 
0 
0 
0 
0 
0 
0 
0 
0 
0 
0 
0 
0 
0 
0 
0 
0 
0 
0 
0 
0 
0 
0 
0 
0 
0 
0 
0 
0 
0 
0 
0 
0 
0 
0 
0 
0 
0 
0 
0 
0 
0 
0 
0 
0 
0 
0 
0 
0 
0 
0 
0 
0 
0 
0 
0 
0 
0 
0 
0 
0 
0 
0 
0 
0 
0 
0 
0 
0 
0 
0 
0 
0 
0 
0 
0 
0 
0 
0 
0 
0 
0 
0 
0 
0 
0 
0 
0 
0 
0 
0 
0 
0 
0 
0 
0 
0 
0 
0 
0 
0 
0 
0 
0 
0 
0 
0 
0 
0 
0 
0 
0 
0 
0 
0 
0 
0 
0 
0 
0 
0 
0 
0 
0 
0 
0 
0 
0 
0 
0 
0 
0 
0 
0 
0 
0 
0 
0 
0 
0 
0 
0 
0 
0 
0 
0 
0 
0 
0 
0 
0 
0 
0 
0 
0 
0 
0 
0 
0 
0 
0 
0 
0 
0 
0 
0 
0 
0 
0 
0 
0 
0 
0 
0 
0 
0 
0 
0 
0 
0 
0 
0 
0 
0 
0 
0 
0 
0 
0 
0 
0 
0 
0 
0 
0 
0 
0 
0 
0 
0 
0 
0 
0 
0 
0 
0 
0 
0 
0 
0 
0 
0 
0 
0 
0 
0 
0 
0 
0 
0 
0 
0 
0 
0 
0 
0 
0 
0 
0 
0 
0 
0 
0 
0 
0 
0 
0 
0.37099999999999866 
0.718 
0 
0 
0 
0 
0 
0 
0 
0 
0 
0 
0 
0 
0 
0 
0 
0 
0 
0 
0 
0 
0 
0 
0 
0 
0 
0 
0 
0 
0 
0 
0 
0 
0 
0 
0 
0 
0 
0 
0 
0 
0 
0 
0 
0 
0 
0 
0 
0 
0 
0 
0 
0 
0 
0 
0 
0 
0 
0 
0 
0 
0 
0 
0 
0 
0 
0 
0 
0 
0 
0 
0 
0 
0 
0 
0 
0 
0 
0 
0 
0 
0 
0 
0 
0 
0 
0 
0 
0 
0 
0 
0 
0 
0 
0 
0 
0 
0 
0 
0 
0 
0 
0 
0 
0 
0 
0 
0 
0 
0 
0 
0 
0 
0 
0 
0 
0 
0 
0 
0 
0 
0 
0 
0 
0 
0 
0 
0 
0 
0 
0 
0 
0 
0 
0 
0 
0 
0 
0 
0 
0 
0 
0 
0 
0 
0 
0 
0 
0 
0 
0 
0 
0 
0 
0 
0 
0 
0 
0 
0 
0 
0 
0 
0 
0 
0 
0 
0 
0 
0 
0 
0 
0 
0 
0 
0 
0 
0 
0 
0 
0 
0 
0 
0 
0 
0 
0 
0 
0 
0 
0 
0 
0 
0 
0 
0 
0 
0 
0 
0 
0 
0 
0 
0 
0 
0 
0 
0 
0 
0 
0 
0 
0 
0 
0 
0 
0 
0 
0 
0 
0 
0 
0 
0 
0 
0 
0 
0 
0 
0 
0 
0 
0 
0 
0 
0 
0 
0 
0 
0 
0 
0 
0 
0 
0 
0 
0 
0 
0 
0 
0 
0 
0 
0 
0 
0 
0 
0 
0 
0 
0 
0 
0 
0 
0 
0 
0 
0 
0 
0 
0 
0 
0 
0 
0 
0 
0 
0 
0 
0 
0 
0 
0 
0 
0 
0 
0 
0 
0 
0 
0 
0 
0 
0 
0 
0 
0 
0 
0 
0 
0 
0 
0 
0 
0 
0 
0 
0 
0 
0 
0 
0 
0 
0 
0 
0 
0 
0 
0 
0 
0 
0 
0 
0 
0 
0 
0 
0 
0 
0 
0 
0 
0 
0 
0 
0 
0 
0 
0 
0 
0 
0 
0 
0 
0 
0 
0 
0 
0 
0 
0 
0 
0 
0 
0 
0 
0 
0 
0 
0 
0 
0 
0 
0 
0 
0 
0 
0 
0 
0 
0 
0 
0 
0 
0 
0 
0 
0 
0 
0 
0 
0 
0 
0 
0 
0 
0 
0 
0 
0 
0 
0 
0 
0 
0 
0 
0 
0 
0 
0 
0 
0 
0 
0 
0 
0 
0 
0 
0 
0 
0 
0 
0 
0 
0 
0 
0 
0 
0 
0 
0 
0 
0 
0 
0 
0 
0 
0 
0 
0 
0 
0 
0 
0 
0 
0 
0 
0 
0 
0 
0 
0 
0 
0 
0 
0 
0 
0 
0 
0 
0 
0 
0 
0 
0 
0 
0 
0 
0 
0 
0 
0 
0 
0 
0 
0 
0 
0 
0 
0 
0 
0 
0 
0 
0 
0 
0 
0 
0 
0 
0 
0 
0 
0 
0 
0 
0 
0 
0 
0 
0 
0 
0 
0 
0 
0 
0 
0 
0 
0 
0 
0 
0 
0 
0 
0 
0 
0 
0 
0 
0 
0 
0 
0 
0 
0 
0 
0 
0 
0 
0 
0 
0 
0 
0 
0 
0 
0 
0 
0 
0 
0 
0 
0 
0 
0 
0 
0 
0 
0 
0 
0 
0 
0 
0 
0 
0 
0 
0 
0 
0 
0 
0 
0 
0 
0 
0 
0 
0 
0 
0 
0 
0 
0 
0 
0 
0 
0 
0 
0 
0 
0 
0 
0 
0 
0 
0 
0 
0 
0 
0 
0 
0 
0 
0 
0 
0 
0 
0 
0 
0 
0 
0 
0 
0 
0 
0 
0 
0 
0 
0 
0 
0 
0 
0 
0 
0 
0 
0 
0 
0 
0 
0 
0 
0 
0 
0 
0 
0 
0 
0 
0 
0 
0 
0 
0 
0 
0 
0 
0 
0 
0 
0 
0 
0 
0 
0 
0 
0 
0 
0 
0 
0 
0 
0 
0 
0 
0 
0 
0 
0 
0 
0 
0 
0 
0 
0 
0 
0 
0 
0 
0 
0 
0 
0 
0 
0 
0 
0 
0 
0 
0 
0 
0 
0 
0 
0 
0 
0 
0 
0 
0 
0 
0 
0 
0 
0 
0 
0 
0 
0 
0 
0 
0 
0 
0 
0 
0 
0 
0 
0 
0 
0 
0 
0 
0 
0 
0 
0 
0 
0 
0 
0 
0 
0 
0 
0 
0 
0 
0 
0 
0 
0 
0 
0 
0 
0 
0 
0 
0 
0 
0 
0 
0 
0 
0 
0 
0 
0 
0 
0 
0 
0 
0 
0 
0 
0 
0 
0 
0 
0 
0 
0 
0 
0 
0 
0 
0 
0 
0 
0 
0 
0 
0 
0 
0 
0 
0 
0 
0 
0 
0 
0 
0 
0 
0 
0 
0 
0 
0 
0 
0 
0 
0 
0 
0 
0 
0 
0 
0 
0 
0 
0 
0 
0 
0 
0 
0 
0 
0 
0 
0 
0 
0 
0 
0 
0 
0 
0 
0 
0 
0 
0 
0 
0 
0 
0 
0 
0 
0 
0 
0 
0 
0 
0 
0 
0 
0 
0 
0 
0 
0 
0 
0 
0 
0 
0 
0 
0 
0 
0 
0 
0 
0 
0 
0 
0 
0 
0 
0 
0 
0 
0 
0 
0 
0 
0 
0 
0 
0 
0 
0 
0 
0 
0 
0 
0 
0 
0 
0 
0 
0 
0 
0 
0 
0 
0 
0 
0 
0 
0 
0 
0 
0 
0 
0 
0 
0 
0 
0 
0 
0 
0 
0 
0 
0 
0 
0 
0 
0 
0 
0 
0 
0 
0 
0 
0 
0 
0 
0 
0 
0 
0 
0 
0 
0 
0 
0 
0 
0 
0 
0 
0 
0 
0 
0 
0 
0 
0 
0 
0 
0 
0 
0 
0 
0 
0 
0 
0 
0 
0 
0 
0 
0 
0 
0 
0 
0 
0 
0 
0 
0 
0 
0 
0 
0 
0 
0 
0 
0 
0 
0 
0 
0 
0 
0 
0 
0 
0 
0 
0 
0 
0 
0 
0 
0 
0 
0 
0 
0 
0 
0 
0 
0 
0 
0 
0 
0 
0 
0 
0 
0 
0 
0 
0 
0 
0 
0 
0 
0 
0 
0 
0 
0 
0 
0 
0 
0 
0 
0 
0 
0 
0 
0 
0 
0 
0 
0 
0 
0 
0 
0 
0 
0 
0 
0 
0 
0 
0 
0 
0 
0 
0 
0 
0 
0 
0 
0 
0 
0 
0 
0 
0 
0 
0 
0 
0 
0 
0 
0 
0 
0 
0 
0 
0 
0 
0 
0 
0 
0 
0 
0 
0 
0 
0 
0 
0 
0 
0 
0 
0 
0 
0 
0 
0 
0 
0 
0 
0 
0 
0 
0 
0 
0 
0 
0 
0 
0 
0 
0 
0 
0 
0 
0 
0 
0 
0 
0 
0 
0 
0 
0 
0 
0 
0 
0 
0 
0 
0 
0 
0 
0 
0 
0 
0 
0 
0 
0 
0 
0 
0 
0 
0 
0 
0 
0 
0 
0 
0 
0 
0 
0 
0 
0 
0 
0 
0 
0 
0 
0 
0 
0 
0 
0 
0 
0 
0 
0 
0 
0 
0 
0 
0 
0 
0 
0 
0 
0 
0 
0 
0 
0 
0 
0 
0 
0 
0 
0 
0 
0 
0 
0 
0 
0 
0 
0 
0 
0 
0 
0 
0 
0 
0 
0 
0 
0 
0 
0 
0 
0 
0 
0 
0 
0 
0 
0 
0 
0 
0 
0 
0 
0 
0 
0 
0 
0 
0 
0 
0 
0 
0 
0 
0 
0 
0 
0 
0 
0 
0 
0 
0 
0 
0 
0 
0 
0 
0 
0 
0 
0 
0 
0 
0 
0 
0 
0 
0 
0 
0 
0 
0 
0 
0 
0 
0 
0 
0 
0 
0 
0 
0 
0 
0 
0 
0 
0 
0 
0 
0 
0 
0 
0 
0 
0 
0 
0 
0 
0 
0 
0 
0 
0 
0 
0 
0 
0 
0 
0 
0 
0 
0 
0 
0 
0 
0 
0 
0 
0 
0 
0 
0 
0 
0 
0 
0 
0 
0 
0 
0 
0 
0 
0 
0 
0 
0 
0 
0 
0 
0 
0 
0 
0 
0 
0 
0 
0 
0 
0 
0 
0 
0 
0 
0 
0 
0 
0 
0 
0 
0 
0 
0 
0 
0 
0 
0 
0 
0 
0 
0 
0 
0 
0 
0 
0 
0 
0 
0 
0 
0 
0 
0 
0 
0 
0 
0 
0 
0 
0 
0 
0 
0 
0 
0 
0 
0 
0 
0 
0 
0 
0 
0 
0 
0 
0 
0 
0 
0 
0 
0 
0 
0 
0 
0 
0 
0 
0 
0 
0 
0 
0 
0 
0 
0 
0 
0 
0 
0 
0 
0 
0 
0 
0 
0 
0 
0 
0 
0 
0 
0 
0 
0 
0 
0 
0 
0 
0 
0 
0 
0 
0 
0 
0 
0 
0 
0 
0 
0 
0 
0 
0 
0 
0 
0 
0 
0 
0 
0 
0 
0 
0 
0 
0 
0 
0 
0 
0 
0 
0 
0 
0 
0 
0 
0 
0 
0 
0 
0 
0 
0 
0 
0 
0 
0 
0 
0 
0 
0 
0 
0 
0 
0 
0 
0 
0 
0 
0 
0 
0 
0 
0 
0 
0 
0 
0 
0 
0 
0 
0 
0 
0 
0 
0 
0 
0 
0 
0 
0 
0 
0 
0 
0 
0 
0 
0 
0 
0 
0 
0 
0 
0 
0 
0 
0 
0 
0 
0 
0 
0 
0 
0 
0 
0 
0 
0 
0 
0 
0 
0 
0 
0 
0 
0 
0 
0 
0 
0 
0 
0 
0 
0 
0 
0 
0 
0 
0 
0 
0 
0 
0 
0 
0 
0 
0 
0 
0 
0 
0 
0 
0 
0 
0 
0 
0 
0 
0 
0 
0 
0 
0 
0 
0 
0 
0 
0 
0 
0 
0 
0 
0 
0 
0 
0 
0 
0 
0 
0 
0 
0 
0 
0 
0 
0 
0 
0 
0 
0 
0 
0 
0 
0 
0 
0 
0 
0 
0 
0 
0 
0 
0 
0 
0 
0 
0 
0 
0 
0 
0 
0 
0 
0 
0 
0 
0 
0 
0 
0 
0 
0 
0 
0 
0 
0 
0 
0 
0 
0 
0 
0 
0 
0 
0 
0 
0 
0 
0 
0 
0 
0 
0 
0 
0 
0 
0 
0 
0 
0 
0 
0 
0 
0 
0 
0 
0 
0 
0 
0 
0 
0 
0 
0 
0 
0 
0 
0 
0 
0 
0 
0 
0 
0 
0 
0 
0 
0 
0 
0 
0 
0 
0 
0 
0 
0 
0 
0 
0 
0 
0 
0 
0 
0 
0 
0 
0 
0 
0 
0 
0 
0 
0 
0 
0 
0 
0 
0 
0 
0 
0 
0 
0 
0 
0 
0 
0 
0 
0 
0 
0 
0 
0 
0 
0 
0 
0 
0 
0 
0 
0 
0 
0 
0 
0 
0 
0 
0 
0 
0 
0 
0 
0 
0 
0 
0 
0 
0 
0 
0 
0 
0 
0 
0 
0 
0 
0 
0 
0 
0 
0 
0 
0 
0 
0 
0 
0 
0 
0 
0 
0 
0 
0 
0 
0 
0 
0 
0 
0 
0 
0 
0 
0 
0 
0 
0 
0 
0 
0 
0 
0 
0 
0 
0 
0 
0 
0 
0 
0 
0 
0 
0 
0 
0 
0 
0 
0 
0 
0 
0 
0 
0 
0 
0 
0 
0 
0 
0 
0 
0 
0 
0 
0 
0 
0 
0 
0 
0 
0 
0 
0 
0 
0 
0 
0 
0 
0 
0 
0 
0 
0 
0 
0 
0 
0 
0 
0 
0 
0 
0 
0 
0 
0 
0 
0 
0 
0 
0 
0 
0 
0 
0 
0 
0 
0 
0 
0 
0 
0 
0 
0 
0 
0 
0 
0 
0 
0 
0 
0 
0 
0 
0 
0 
0 
0 
0 
0 
0 
0 
0 
0 
0 
0 
0 
0 
0 
0 
0 
0 
0 
0 
0 
0 
0 
0 
0 
0 
0 
0 
0 
0 
0 
0 
0 
0 
0 
0 
0 
0 
0 
0 
0 
0 
0 
0 
0 
0 
0 
0 
0 
0 
0 
0 
0 
0 
0 
0 
0 
0 
0 
0 
0 
0 
0 
0 
0 
0 
0 
0 
0 
0 
0 
0 
0 
0 
0 
0 
0 
0 
0 
0 
0 
0 
0 
0 
0 
0 
0 
0 
0 
0 
0 
0 
0 
0 
0 
0 
0 
0 
0 
0 
0 
0 
0 
0 
0 
0 
0 
0 
0 
0 
0 
0 
0 
0 
0 
0 
0 
0 
0 
0 
0 
0 
0 
0 
0 
0 
0 
0 
0 
0 
0 
0 
0 
0 
0 
0 
0 
0 
0 
0 
0 
0 
0 
0 
0 
0 
0 
0 
0 
0 
0 
0 
0 
0 
0 
0 
0 
0 
0 
0 
0 
0 
0 
0 
0 
0 
0 
0 
0 
0 
0 
0 
0 
0 
0 
0 
0 
0 
0 
0 
0 
0 
0 
0 
0 
0 
0 
0 
0 
0 
0 
0 
0 
0 
0 
0 
0 
0 
0 
0 
0 
0 
0 
0 
0 
0 
0 
0 
0 
0 
0 
0 
0 
0 
0 
0 
0 
0 
0 
0 
0 
0 
0 
0 
0 
0 
0 
0 
0 
0 
0 
0 
0 
0 
0 
0 
0 
0 
0 
0 
0 
0 
0 
0 
0 
0 
0 
0 
0 
0 
0 
0 
0 
0 
0 
0 
0 
0 
0 
0 
0 
0 
0 
0 
0 
0 
0 
0 
0 
0 
0 
0 
0 
0 
0 
0 
0 
0 
0 
0 
0 
0 
0 
0 
0 
0 
0 
0 
0 
0 
0 
0 
0 
0 
0 
0 
0 
0 
0 
0 
0 
0 
0 
0 
0 
0 
0 
0 
0 
0 
0 
0 
0 
0 
0 
0 
0 
0 
0 
0 
0 
0 
0 
0 
0 
0 
0 
0 
0 
0 
0 
0 
0 
0 
0 
0 
0 
0 
0 
0 
0 
0 
0 
0 
0 
0 
0 
0 
0 
0 
0 
0 
0 
0 
0 
0 
0 
0 
0 
0 
0 
0 
0 
0 
0 
0 
0 
0 
0 
0 
0 
0 
0 
0 
0 
0 
0 
0 
0 
0 
0 
0 
0 
0 
0 
0 
0 
0 
0 
0 
0 
0 
0 
0 
0 
0 
0 
0 
0 
0 
0 
0 
0 
0 
0 
0 
0 
0 
0 
0 
0 
0 
0 
0 
0 
0 
0 
0 
0 
0 
0 
0 
0 
0 
0 
0 
0 
0 
0 
0 
0 
0 
0 
0 
0 
0 
0 
0 
0 
0 
0 
0 
0 
0 
0 
0 
0 
0 
0 
0 
0 
0 
0 
0 
0 
0 
0 
0 
0 
0 
0 
0 
0 
0 
0 
0 
0 
0 
0 
0 
0 
0 
0 
0 
0 
0 
0 
0 
0 
0 
0 
0 
0 
0 
0 
0 
0 
0 
0 
0 
0 
0 
0 
0 
0 
0 
0 
0 
0 
0 
0 
0 
0 
0 
0 
0 
0 
0 
0 
0 
0 
0 
0 
0 
0 
0 
0 
0 
0 
0 
0 
0 
0 
0 
0 
0 
0 
0 
0 
0 
0 
0 
0 
0 
0 
0 
0 
0 
0 
0 
0 
0 
0 
0 
0 
0 
0 
0 
0 
0 
0 
0 
0 
0 
0 
0 
0 
0 
0 
0 
0 
0 
0 
0 
0 
0 
0 
0 
0 
0 
0 
0 
0 
0 
0 
0 
0 
0 
0 
0 
0 
0 
0 
0 
0 
0 
0 
0 
0 
0 
0 
0 
0 
0 
0 
0 
0 
0 
0 
0 
0 
0 
0 
0 
0 
0 
0 
0 
0 
0 
0 
0 
0 
0 
0 
0 
0 
0 
0 
0 
0 
0 
0 
0 
0 
0 
0 
0 
0 
0 
0 
0 
0 
0 
0 
0 
0 
0 
0 
0 
0 
0 
0 
0 
0 
0 
0 
0 
0 
0 
0 
0 
0 
0 
0 
0 
0 
0 
0 
0 
0 
0 
0 
0 
0 
0 
0 
0 
0 
0 
0 
0 
0 
0 
0 
0 
0 
0 
0 
0 
0 
0 
0 
0 
0 
0 
0 
0 
0 
0 
0 
0 
0 
0 
0 
0 
0 
0 
0 
0 
0 
0 
0 
0 
0 
0 
0 
0 
0 
0 
0 
0 
0 
0 
0 
0 
0 
0 
0 
0 
0 
0 
0 
0 
0 
0 
0 
0 
0 
0 
0 
0 
0 
0 
0 
0 
0 
0 
0 
0 
0 
0 
0 
0 
0 
0 
0 
0 
0 
0 
0 
0 
0 
0 
0 
0 
0 
0 
0 
0 
0 
0 
0 
0 
0 
0 
0 
0 
0 
0 
0 
0 
0 
0 
0 
0 
0 
0 
0 
0 
0 
0 
0 
0 
0 
0 
0 
0 
0 
0 
0 
0 
0 
0 
0 
0 
0 
0 
0 
0 
0 
0 
0 
0 
0 
0 
0 
0 
0 
0 
0 
0 
0 
0 
0 
0 
0 
0 
0 
0 
0 
0 
0 
0 
0 
0 
0 
0 
0 
0 
0 
0 
0 
0 
0 
0 
0 
0 
0 
0 
0 
0 
0 
0 
0 
0 
0 
0 
0 
0 
0 
0 
0 
0 
0 
0 
0 
0 
0 
0 
0 
0 
0 
0 
0 
0 
0 
0 
0 
0 
0 
0 
0 
0 
0 
0 
0 
0 
0 
0 
0 
0 
0 
0 
0 
0 
0 
0 
0 
0 
0 
0 
0 
0 
0 
0 
0 
0 
0 
0 
0 
0 
0 
0 
0 
0 
0 
0 
0 
0 
0 
0 
0 
0 
0 
0 
0 
0 
0 
0 
0 
0 
0 
0 
0 
0 
0 
0 
0 
0 
0 
0 
0 
0 
0 
0 
0 
0 
0 
0 
0 
0 
0 
0 
0 
0 
0 
0 
0 
0 
0 
0 
0 
0 
0 
0 
0 
0 
0 
0 
0 
0 
0 
0 
0 
0 
0 
0 
0 
0 
0 
0 
0 
0 
0 
0 
0 
0 
0 
0 
0 
0 
0 
0 
0 
0 
0 
0 
0 
0 
0 
0 
0 
0 
0 
0 
0 
0 
0 
0 
0 
0 
0 
0 
0 
0 
0 
0 
0 
0 
0 
0 
0 
0 
0 
0 
0 
0 
0 
0 
0 
0 
0 
0 
0 
0 
0 
0 
0 
0 
0 
0 
0 
0 
0 
0 
0 
0 
0 
0 
0 
0 
0 
0 
0 
0 
0 
0 
0 
0 
0 
0 
0 
0 
0 
0 
0 
0 
0 
0 
0 
0 
0 
0 
0 
0 
0 
0 
0 
0 
0 
0 
0 
0 
0 
0 
0 
0 
0 
0 
0 
0 
0 
0 
0 
0 
0 
0 
0 
0 
0 
0 
0 
0 
0 
0 
0 
0 
0 
0 
0 
0 
0 
0 
0 
0 
0 
0 
0 
0 
0 
0 
0 
0 
0 
0 
0 
0 
0 
0 
0 
0 
0 
0 
0 
0 
0 
0 
0 
0 
0 
0 
0 
0 
0 
0 
0 
0 
0 
0 
0 
0 
0 
0 
0 
0 
0 
0 
0 
0 
0 
0 
0 
0 
0 
0 
0 
0 
0 
0 
0 
0 
0 
0 
0 
0 
0 
0 
0 
0 
0 
0 
0 
0 
0 
0 
0 
0 
0 
0 
0 
0 
0 
0 
0 
0 
0 
0 
0 
0 
0 
0 
0 
0 
0 
0 
0 
0 
0 
0 
0 
0 
0 
0 
0 
0 
0 
0 
0 
0 
0 
0 
0 
0 
0 
0 
0 
0 
0 
0 
0 
0 
0 
0 
0 
0 
0 
0 
0 
0 
0 
0 
0 
0 
0 
0 
0 
0 
0 
0 
0 
0 
0 
0 
0 
0 
0 
0 
0 
0 
0 
0 
0 
0 
0 
0 
0 
0 
0 
0 
0 
0 
0 
0 
0 
0 
0 
0 
0 
0 
0 
0 
0 
0 
0 
0 
0 
0 
0 
0 
0 
0 
0 
0 
0 
0 
0 
0 
0 
0 
0 
0 
0 
0 
0 
0 
0 
0 
0 
0 
0 
0 
0 
0 
0 
0 
0 
0 
0 
0 
0 
0 
0 
0 
0 
0 
0 
0 
0 
0 
0 
0 
0 
0 
0 
0 
0 
0 
0 
0 
0 
0 
0 
0 
0 
0 
0 
0 
0 
0 
0 
0 
0 
0 
0 
0 
0 
0 
0 
0 
0 
0 
0 
0 
0 
0 
0 
0 
0 
0 
0 
0 
0 
0 
0 
0 
0 
0 
0 
0 
0 
0 
0 
0 
0 
0 
0 
0 
0 
0 
0 
0 
0 
0 
0 
0 
0 
0 
0 
0 
0 
0 
0 
0 
0 
0 
0 
0 
0 
0 
0 
0 
0 
0 
0 
0 
0 
0 
0 
0 
0 
0 
0 
0 
0 
0 
0 
0 
0 
0 
0 
0 
0 
0 
0 
0 
0 
0 
0 
0 
0 
0 
0 
0 
0 
0 
0 
0 
0 
0 
0 
0 
0 
0 
0 
0 
0 
0 
0 
0 
0 
0 
0 
0 
0 
0 
0 
0 
0 
0 
0 
0 
0 
0 
0 
0 
0 
0 
0 
0 
0 
0 
0 
0 
0 
0 
0 
0 
0 
0 
0 
0 
0 
0 
0 
0 
0 
0 
0 
0 
0 
0 
0 
0 
0 
0 
0 
0 
0 
0 
0 
0 
0 
0 
0 
0 
0 
0 
0 
0 
0 
0 
0 
0 
0 
0 
0 
0 
0 
0 
0 
0 
0 
0 
0 
0 
0 
0 
0 
0 
0 
0 
0 
0 
0 
0 
0 
0 
0 
0 
0 
0.14000000000000057 
0.2630000000000017 
0.3309999999999995 
0.39000000000000057 
0.5070000000000014 
0.6739999999999995 
0.6769999999999996 
0 
0 
0 
0 
0 
0 
0 
0 
0 
0 
0 
0 
0.0 
0.22100000000000009 
0.36799999999999855 
0.5279999999999987 
0.7639999999999993 
1.0949999999999989 
1.4299999999999997 
1.690999999999999 
1.8610000000000007 
1.9669999999999987 
2.0500000000000007 
1.9589999999999996 
0.0799999999999983 
0 
0 
0 
0 
0 
0 
0 
0 
0 
0 
0 
0 
0 
0 
0 
0.07400000000000162 
0.21799999999999997 
0.375 
0.5730000000000004 
0.8109999999999999 
1.0479999999999983 
1.2459999999999987 
1.1280000000000001 
0 
0 
0 
0 
0 
0 
0 
0 
0 
0 
0 
0 
0 
0 
0 
0 
0.254999999999999 
0.5189999999999984 
0.7149999999999999 
0.8599999999999994 
0.9200000000000017 
0.940999999999999 
0.9920000000000009 
1.0229999999999997 
0 
0 
0 
0 
0 
0 
0 
0 
0 
0 
0 
0 
0 
0 
0.46199999999999974 
0.9209999999999994 
1.2680000000000007 
1.6039999999999992 
1.9800000000000004 
2.2780000000000005 
2.5090000000000003 
2.654 
2.6869999999999994 
2.5679999999999996 
0.3099999999999987 
0 
0 
0 
0 
0 
0 
0 
0 
0 
0 
0 
0 
0 
0 
0 
0.11199999999999832 
0.2519999999999989 
0.40500000000000114 
0.4220000000000006 
0.48300000000000054 
0.5199999999999996 
0.7119999999999997 
1.1559999999999988 
0 
0 
0 
0 
0 
0 
0 
0 
0 
0 
0 
0 
0 
0.17999999999999972 
0.5539999999999985 
0.8230000000000004 
0.8460000000000001 
0.8079999999999998 
0.8500000000000014 
0.9559999999999995 
1.0730000000000004 
1.129999999999999 
1.2079999999999984 
1.2010000000000005 
0 
0 
0 
0 
0 
0 
0 
0 
0 
0 
0 
0 
0 
0.2789999999999999 
0.6170000000000009 
0.8780000000000001 
1.0770000000000017 
1.3230000000000004 
1.620000000000001 
1.9160000000000004 
2.1289999999999996 
2.255000000000001 
2.3810000000000002 
2.388 
0 
0 
0 
0 
0 
0 
0 
0 
0 
0 
0 
0 
0.1460000000000008 
0.5799999999999983 
0.9089999999999989 
1.1600000000000001 
1.3309999999999995 
1.4430000000000014 
1.5390000000000015 
1.5809999999999995 
1.588000000000001 
1.5970000000000013 
1.6829999999999998 
1.7399999999999984 
0 
0 
0 
0 
0 
0 
0 
0 
0 
0 
0 
0 
0 
0.2630000000000017 
0.5829999999999984 
0.8019999999999996 
0.9229999999999983 
0.9840000000000018 
0.9929999999999986 
0.9759999999999991 
0.9589999999999996 
0.9819999999999993 
1.0719999999999992 
1.1179999999999986 
0 
0 
0 
0 
0 
0 
0 
0 
0 
0 
0 
0 
0 
0 
0 
0 
0 
0 
0 
0.3550000000000004 
0.6380000000000017 
0.8079999999999998 
0.9589999999999996 
1.0539999999999985 
0 
0 
0 
0 
0 
0 
0 
0 
0 
0 
0 
0 
0 
0 
0 
0 
0.31299999999999883 
0.5899999999999999 
0.847999999999999 
1.027000000000001 
1.1149999999999984 
1.1430000000000007 
1.1780000000000008 
1.161999999999999 
0 
0 
0 
0 
0 
0 
0 
0 
0 
0 
0 
0 
0 
0 
0 
0 
0 
0.21300000000000097 
0.4289999999999985 
0.6110000000000007 
0.6990000000000016 
0.5289999999999999 
0.44200000000000017 
0.5240000000000009 
0 
0 
0 
0 
0 
0 
0 
0 
0 
0 
0 
0 
0 
0 
0 
0 
0 
0.0779999999999994 
0.23400000000000176 
0.36400000000000077 
0.46999999999999886 
0.5390000000000015 
0.6110000000000007 
0.629999999999999 
0 
0 
0 
0 
0 
0 
0 
0 
0 
0 
0 
0 
0 
0 
0 
0 
0 
0.07600000000000051 
0.12600000000000122 
0.3290000000000006 
0.5070000000000014 
0.684000000000001 
0.8219999999999992 
0.8210000000000015 
0 
0 
0 
0 
0 
0 
0 
0 
0 
0 
0 
0 
0 
0 
0 
0.0259999999999998 
0.1670000000000016 
0.26099999999999923 
0.2809999999999988 
0.31200000000000117 
0.5199999999999996 
0.8960000000000008 
1.1670000000000016 
1.2710000000000008 
0 
0 
0 
0 
0 
0 
0 
0 
0 
0 
0 
0 
0 
0.2920000000000016 
0.6400000000000006 
0.9460000000000015 
1.0350000000000001 
1.001999999999999 
1.186 
1.3530000000000015 
1.1819999999999986 
0.9710000000000001 
0.8960000000000008 
0.9699999999999989 
0 
0 
0 
0 
0 
0 
0 
0 
0 
0 
0 
0 
0 
0 
0 
0 
0 
0 
0 
0 
0.11499999999999844 
0 
0 
0 
0 
0 
0 
0 
0 
0 
0 
0 
0 
0 
0 
0 
0 
0 
0 
0 
0 
0 
0.1980000000000004 
0.31899999999999906 
0.3309999999999995 
0.3260000000000005 
0.35900000000000176 
0.2920000000000016 
0 
0 
0 
0 
0 
0 
0 
0 
0 
0 
0 
0 
0 
0 
0 
0.3000000000000007 
0.5569999999999986 
0.5949999999999989 
0.7379999999999995 
0.7719999999999985 
0.8290000000000006 
0.7740000000000009 
0.7899999999999991 
0.7480000000000011 
0 
0 
0 
0 
0 
0 
0 
0 
0 
0 
0 
0 
0.30900000000000105 
0.7680000000000007 
1.2020000000000017 
1.6069999999999993 
1.9140000000000015 
2.0630000000000006 
2.1140000000000008 
2.1720000000000006 
2.3290000000000006 
2.487 
2.646000000000001 
2.8520000000000003 
0.7210000000000001 
0 
0 
0 
0 
0 
0 
0 
0 
0 
0.4750000000000014 
1.1280000000000001 
1.5040000000000013 
1.6690000000000005 
1.8870000000000005 
2.282 
2.6389999999999993 
2.9369999999999994 
3.1400000000000006 
3.3149999999999995 
3.4540000000000006 
3.5250000000000004 
3.567 
3.599 
1.7809999999999988 
0 
0 
0 
0 
0 
0 
0 
0 
0.36100000000000065 
2.1140000000000008 
2.7880000000000003 
3.2910000000000004 
3.5679999999999996 
3.6310000000000002 
3.5250000000000004 
3.4610000000000003 
3.6270000000000007 
3.880000000000001 
4.154 
4.391 
4.614000000000001 
4.723000000000001 
4.786 
3.2460000000000004 
0 
0 
0 
0 
0 
0 
0 
0 
0 
0 
0 
0.11700000000000088 
0.6000000000000014 
1.1340000000000003 
1.6729999999999983 
2.1259999999999994 
2.4529999999999994 
2.6189999999999998 
2.7119999999999997 
2.7569999999999997 
2.8149999999999995 
2.926 
3.013 
2.247 
0.18400000000000105 
0 
0 
0 
0 
0 
0 
0 
0 
0.06899999999999906 
0.8810000000000002 
1.568999999999999 
2.135 
2.699 
3.3119999999999994 
3.8230000000000004 
4.198 
4.505000000000001 
4.744999999999999 
4.9350000000000005 
5.144 
5.17 
4.946 
3.712999999999999 
1.7620000000000005 
0.1269999999999989 
0 
0 
0 
0 
0 
0 
0 
0.2190000000000012 
0.5970000000000013 
0.7950000000000017 
0.9980000000000011 
1.3129999999999988 
1.7280000000000015 
2.1950000000000003 
2.569000000000001 
2.4730000000000008 
2.3230000000000004 
2.2119999999999997 
2.3439999999999994 
2.4990000000000006 
2.664999999999999 
2.3360000000000003 
0.3780000000000001 
0 
0 
0 
0 
0 
0 
0 
0 
0.8539999999999992 
1.3979999999999997 
2.0269999999999992 
2.4800000000000004 
2.8810000000000002 
3.2270000000000003 
3.4960000000000004 
3.708 
3.923 
4.166 
4.303000000000001 
4.314 
4.318 
4.3629999999999995 
3.3200000000000003 
0.5760000000000005 
0 
0 
0 
0 
0 
0 
0 
1.1879999999999988 
2.673 
3.0180000000000007 
3.255000000000001 
3.25 
3.0549999999999997 
2.7780000000000005 
2.6739999999999995 
2.856 
3.2200000000000006 
3.6479999999999997 
4.276999999999999 
4.513 
4.5280000000000005 
4.656000000000001 
3.103999999999999 
0.26099999999999923 
0 
0 
0 
0 
0 
0 
0 
0.3999999999999986 
2.1999999999999993 
2.8309999999999995 
3.3529999999999998 
3.74 
4.002000000000001 
4.130000000000001 
3.7669999999999995 
3.8930000000000007 
4.210000000000001 
3.907 
3.7360000000000007 
3.423 
3.3689999999999998 
3.2520000000000007 
2.673 
1.1670000000000016 
0.1039999999999992 
0 
0 
0 
0 
0 
0 
0.6170000000000009 
1.3299999999999983 
1.4600000000000009 
1.6149999999999984 
1.6559999999999988 
1.7379999999999995 
2.055999999999999 
2.34 
2.577 
2.583 
2.516 
2.4659999999999993 
2.5299999999999994 
2.6069999999999993 
2.628 
1.0549999999999997 
0 
0 
0 
0 
0 
0 
0 
0 
0 
0 
0.5790000000000006 
1.0899999999999999 
1.532 
1.9349999999999987 
2.2720000000000002 
2.5589999999999993 
2.8130000000000006 
2.917 
3.069000000000001 
3.2029999999999994 
3.1820000000000004 
2.875 
2.6609999999999996 
2.0020000000000007 
0.5360000000000014 
0.05699999999999861 
0.05799999999999983 
0.11499999999999844 
0.045999999999999375 
0 
0.23600000000000065 
0.6630000000000003 
1.9989999999999988 
3.053000000000001 
3.2810000000000006 
3.4000000000000004 
3.507999999999999 
3.6820000000000004 
3.8469999999999995 
3.9450000000000003 
3.978999999999999 
4.061999999999999 
4.176 
4.272 
4.336 
4.411 
4.478999999999999 
3.8580000000000005 
2.1549999999999994 
0.754999999999999 
0 
0 
0 
0 
0 
0 
0 
1.315999999999999 
2.0220000000000002 
2.5229999999999997 
2.84 
3.077 
3.2940000000000005 
3.4429999999999996 
3.51 
3.5139999999999993 
3.487 
3.41 
3.3209999999999997 
3.2279999999999998 
3.1690000000000005 
2.6500000000000004 
0.7289999999999992 
0 
0 
0 
0 
0 
0 
0 
0.013000000000001677 
1.4849999999999994 
1.7199999999999989 
1.75 
1.7190000000000012 
2.1240000000000006 
2.5229999999999997 
2.6660000000000004 
2.7609999999999992 
2.835000000000001 
2.9540000000000006 
3.0139999999999993 
3.0329999999999995 
3.0809999999999995 
3.1660000000000004 
1.7459999999999987 
0 
0 
0 
0 
0 
0 
0 
0 
0 
0.30799999999999983 
0.6230000000000011 
0.8460000000000001 
1.1039999999999992 
1.3629999999999995 
1.5940000000000012 
1.8099999999999987 
2.0779999999999994 
2.3949999999999996 
2.6850000000000005 
2.9450000000000003 
3.1739999999999995 
3.2669999999999995 
3.1029999999999998 
1.9899999999999984 
0 
0 
0 
0 
0 
0 
0 
0 
0 
0.9920000000000009 
1.7049999999999983 
2.0389999999999997 
2.3119999999999994 
2.744999999999999 
3.196999999999999 
3.66 
4.372 
4.85 
5.300000000000001 
5.712999999999999 
5.997999999999999 
6.257 
6.503 
4.964 
2.292 
1.2680000000000007 
0.5749999999999993 
0.14999999999999858 
0 
0 
0.0799999999999983 
0.5579999999999998 
2.077 
2.9670000000000005 
3.164999999999999 
3.289999999999999 
3.4930000000000003 
3.7059999999999995 
3.757999999999999 
3.7959999999999994 
3.8439999999999994 
3.766 
3.7200000000000006 
4.042 
4.388999999999999 
4.664 
4.9239999999999995 
4.521000000000001 
2.923 
1.686 
0.8419999999999987 
0.2029999999999994 
0 
0 
0 
0 
1.6679999999999993 
3.0500000000000007 
3.601000000000001 
3.9659999999999993 
4.300000000000001 
4.741 
5.231999999999999 
5.548 
5.8100000000000005 
6.086 
6.236000000000001 
6.195 
6.132999999999999 
6.098000000000001 
5.9510000000000005 
5.16 
2.7059999999999995 
1.1460000000000008 
0.04400000000000048 
0 
0 
0 
0 
0 
1.5579999999999998 
3.234 
3.7029999999999994 
3.5969999999999995 
3.292 
3.3040000000000003 
3.433 
3.5060000000000002 
3.6189999999999998 
3.6159999999999997 
3.8119999999999994 
3.721 
3.3290000000000006 
2.9570000000000007 
2.7520000000000007 
1.968 
0.5599999999999987 
0.04899999999999949 
0 
0 
0 
0 
0.17099999999999937 
1.1870000000000012 
3.199 
4.817 
5.513 
6.199 
6.753 
7.134 
7.414999999999999 
7.634 
7.821999999999999 
7.99 
8.155 
8.326 
8.49 
8.657 
8.786 
7.484999999999999 
4.361000000000001 
3.051 
2.1419999999999995 
1.623000000000001 
1.3829999999999991 
1.3599999999999994 
1.6350000000000016 
2.2539999999999996 
4.215999999999999 
5.459 
5.833 
6.148 
6.332000000000001 
6.3870000000000005 
6.368 
6.4030000000000005 
6.571 
6.813000000000001 
7.095000000000001 
7.282 
7.167 
6.702 
6.329000000000001 
5.702 
4.215999999999999 
3.1430000000000007 
2.085000000000001 
1.1499999999999986 
0.4499999999999993 
0.06099999999999994 
0.10099999999999909 
0.629999999999999 
2.83 
4.289999999999999 
4.757 
5.132 
5.398 
5.702999999999999 
5.817 
5.785 
5.904 
5.710000000000001 
5.381 
5.351000000000001 
5.2170000000000005 
5.227 
5.327 
4.7330000000000005 
2.9299999999999997 
2.0760000000000005 
1.3930000000000007 
0.7699999999999996 
0.38899999999999935 
0.3069999999999986 
0.6000000000000014 
1.2319999999999993 
2.9730000000000008 
4.2940000000000005 
4.789 
5.164 
5.379 
5.335000000000001 
5.214 
5.141 
5.212 
5.4079999999999995 
5.614000000000001 
5.75 
5.8309999999999995 
5.971 
6.074 
5.457000000000001 
3.789999999999999 
3.0109999999999992 
2.6159999999999997 
2.471 
2.545 
2.561 
2.7970000000000006 
3.426 
4.313000000000001 
5.303000000000001 
5.747 
6.404999999999999 
6.779999999999999 
7.057 
7.175000000000001 
7.465 
7.585000000000001 
7.709 
7.961 
8.282 
8.491 
8.607000000000001 
8.685 
7.741 
5.619 
4.680999999999999 
3.994999999999999 
3.4290000000000003 
3.0519999999999996 
2.9499999999999993 
3.0909999999999993 
3.4429999999999996 
4.287000000000001 
4.583 
4.603 
4.6 
4.489000000000001 
4.2620000000000005 
4.221 
4.151999999999999 
4.307 
4.470000000000001 
4.395 
4.334 
4.212999999999999 
4.08 
4.0169999999999995 
3.561 
2.492000000000001 
2.0180000000000007 
1.8739999999999988 
2.039999999999999 
2.035 
2.3339999999999996 
2.6430000000000007 
2.9239999999999995 
3.3659999999999997 
3.6389999999999993 
3.8889999999999993 
4.061 
4.207000000000001 
4.305999999999999 
4.444000000000001 
4.417999999999999 
4.223000000000001 
4.119 
4.130000000000001 
4.210000000000001 
4.256 
4.237 
4.215999999999999 
4.037000000000001 
3.3919999999999995 
2.9320000000000004 
2.7010000000000005 
2.7270000000000003 
3.138 
3.4610000000000003 
3.8230000000000004 
4.148999999999999 
4.7829999999999995 
5.7490000000000006 
6.143000000000001 
6.645 
7.018000000000001 
7.255000000000001 
7.292 
7.112 
6.7509999999999994 
6.367000000000001 
6.021000000000001 
5.769 
5.786 
5.881 
5.83 
5.178000000000001 
3.710000000000001 
2.8580000000000005 
2.1240000000000006 
1.347999999999999 
0.9579999999999984 
0.8189999999999991 
0.809000000000001 
1.1610000000000014 
2.7539999999999996 
3.824 
4.151 
4.2490000000000006 
4.2330000000000005 
4.199 
3.9930000000000003 
4.009 
4.224 
4.079000000000001 
3.673 
3.2880000000000003 
3.349 
3.644 
3.9939999999999998 
3.747 
2.801 
2.192 
1.6630000000000003 
1.8619999999999983 
2.0470000000000006 
1.7989999999999995 
1.9909999999999997 
2.505000000000001 
3.7089999999999996 
4.454000000000001 
4.67 
5.036 
5.401 
5.465999999999999 
5.265000000000001 
5.202 
5.257999999999999 
5.5169999999999995 
5.678000000000001 
5.630000000000001 
5.372999999999999 
5.302 
5.131 
4.754 
3.7189999999999994 
3.2140000000000004 
3.3049999999999997 
3.5679999999999996 
3.6750000000000007 
3.644 
3.4640000000000004 
3.4860000000000007 
4.944000000000001 
5.683999999999999 
5.981 
6.279 
6.5280000000000005 
6.692 
6.811999999999999 
6.872999999999999 
6.93 
7.032 
7.129 
7.244999999999999 
7.368 
7.5920000000000005 
7.829000000000001 
6.795 
3.8089999999999993 
2.615 
1.7600000000000016 
1.0459999999999994 
0.5139999999999993 
0.3030000000000008 
0.3949999999999996 
0.9050000000000011 
3.093 
3.976000000000001 
4.271000000000001 
4.661 
5.180999999999999 
5.6690000000000005 
6.050000000000001 
6.2490000000000006 
6.388999999999999 
6.542 
6.737 
6.932 
7.036 
7.154 
7.301 
6.638 
3.7889999999999997 
1.9400000000000013 
0.5960000000000001 
0 
0 
0 
0 
0 
1.716000000000001 
2.8680000000000003 
3.380000000000001 
3.7799999999999994 
4.193 
4.647 
5.106 
5.596 
6.026 
6.259 
6.390000000000001 
6.412000000000001 
6.276 
6.026999999999999 
5.843 
5.477 
4.125 
2.4849999999999994 
0.9619999999999997 
0.21999999999999886 
0 
0 
0 
0 
0.9450000000000003 
2.0500000000000007 
2.7970000000000006 
3.4000000000000004 
3.8390000000000004 
4.204000000000001 
4.529999999999999 
4.855 
5.163 
5.43 
5.683999999999999 
5.929 
6.1259999999999994 
6.295999999999999 
6.443 
6.08 
4.510999999999999 
3.0329999999999995 
0.6060000000000016 
0 
0 
0 
0 
0 
1.1720000000000006 
2.42 
3.0839999999999996 
3.5649999999999995 
4.039 
4.545999999999999 
5.074999999999999 
5.596 
6.066000000000001 
6.422000000000001 
6.693 
6.894 
7.083 
7.1850000000000005 
7.195 
6.6240000000000006 
4.805999999999999 
2.867000000000001 
1.0710000000000015 
0.25700000000000145 
0 
0 
0 
0 
1.376999999999999 
2.25 
2.585000000000001 
2.9160000000000004 
3.3309999999999995 
3.737 
4.109999999999999 
4.5009999999999994 
4.891 
5.2509999999999994 
5.609999999999999 
5.9399999999999995 
6.0920000000000005 
6.255000000000001 
6.414 
5.904999999999999 
4.226000000000001 
2.8360000000000003 
1.7590000000000003 
0.4499999999999993 
0 
0 
0 
0 
2.0500000000000007 
3.0180000000000007 
3.5039999999999996 
4.109999999999999 
4.566000000000001 
4.895 
5.132999999999999 
5.353999999999999 
5.632 
5.803000000000001 
5.7829999999999995 
5.693 
5.7509999999999994 
6.241 
6.6850000000000005 
6.228 
4.805999999999999 
3.835000000000001 
2.673 
1.6750000000000007 
0.8840000000000003 
0.4190000000000005 
0.3760000000000012 
0.8460000000000001 
2.4429999999999996 
3.4190000000000005 
4.170999999999999 
4.742000000000001 
4.913 
5.156000000000001 
5.323 
5.282 
5.244 
5.4670000000000005 
5.454000000000001 
5.058999999999999 
4.821 
4.68 
4.465999999999999 
3.851000000000001 
2.630000000000001 
1.9639999999999986 
1.5599999999999987 
1.3219999999999992 
0.902000000000001 
0.8339999999999996 
1.3719999999999999 
2.0069999999999997 
2.6210000000000004 
2.9000000000000004 
2.9209999999999994 
2.662000000000001 
2.7970000000000006 
3.412000000000001 
3.5660000000000007 
3.539999999999999 
3.218 
2.901 
2.811 
2.76 
2.755000000000001 
2.343 
2.196999999999999 
2.077 
1.4879999999999995 
1.0180000000000007 
0.6550000000000011 
0.3999999999999986 
0.9130000000000003 
1.3560000000000016 
1.6720000000000006 
2.1880000000000006 
2.9269999999999996 
3.2119999999999997 
3.4320000000000004 
3.76 
4.119 
4.416 
4.4030000000000005 
4.619999999999999 
5.536 
6.146000000000001 
6.542999999999999 
6.836 
7.167999999999999 
7.539999999999999 
7.746 
6.686999999999999 
4.699999999999999 
3.981 
3.702 
3.6310000000000002 
3.4979999999999993 
3.468 
3.9220000000000006 
4.284000000000001 
5.125 
5.615 
5.824 
5.861000000000001 
6.163 
6.289 
6.27 
6.292 
6.635 
6.8740000000000006 
6.923 
6.99 
7.125 
7.379 
7.6530000000000005 
7.212999999999999 
5.939 
5.199 
5.337 
5.329000000000001 
5.0920000000000005 
4.746 
4.497999999999999 
4.808 
6.042999999999999 
6.869 
7.254 
7.5120000000000005 
7.73 
8.14 
8.593 
9.058 
9.275 
9.238 
9.044 
8.919 
8.876 
8.975 
9.035 
7.8420000000000005 
5.205 
4.099 
3.7569999999999997 
3.5150000000000006 
3.3089999999999993 
3.1449999999999996 
3.212999999999999 
3.664999999999999 
5.992000000000001 
7.143000000000001 
7.265000000000001 
7.300000000000001 
7.279 
7.305 
7.058999999999999 
7.048 
7.704000000000001 
8.112 
8.39 
8.425 
8.545 
8.505 
8.557 
7.957000000000001 
5.752000000000001 
4.298 
3.5760000000000005 
3.3599999999999994 
3.7010000000000005 
3.981 
4.237 
4.819000000000001 
6.537000000000001 
7.2059999999999995 
7.554 
7.897 
8.283999999999999 
8.435 
8.401 
8.207 
8.204 
8.208 
8.097000000000001 
8.022 
7.962 
7.949999999999999 
7.929 
7.593999999999999 
5.968 
5.17 
4.561999999999999 
4.2170000000000005 
3.853999999999999 
3.789999999999999 
4.010999999999999 
4.513 
5.427 
5.7780000000000005 
6.066000000000001 
6.289999999999999 
6.324999999999999 
6.289 
6.0600000000000005 
5.52 
5.247 
4.839 
4.366 
4.055999999999999 
4.079000000000001 
4.1690000000000005 
4.199 
4.073 
3.4540000000000006 
3.269 
3.5790000000000006 
3.3680000000000003 
3.3390000000000004 
3.9399999999999995 
4.3309999999999995 
4.846 
5.8469999999999995 
6.1370000000000005 
6.010999999999999 
5.366 
4.994 
5.352 
6.288 
6.992000000000001 
7.57 
8.033 
8.061 
7.468999999999999 
7.49 
7.855 
7.868 
7.164 
5.497 
4.834 
4.272 
3.6999999999999993 
3.335000000000001 
3.292 
3.539999999999999 
4.17 
6.186999999999999 
7.398999999999999 
7.785 
8.056000000000001 
8.267000000000001 
8.383 
8.423 
8.318999999999999 
7.962999999999999 
7.6129999999999995 
